# relative_time, cycles_done, cur_item, corpus_count, pending_total, pending_favs, map_size, saved_crashes, saved_hangs, max_depth, execs_per_sec, total_execs, edges_found, total_crashes, servers_count
60, 494, 0, 3, 0, 0, 14.71%, 1, 0, 3, 331.14, 19795, 5, 12407, 0
65, 537, 1, 3, 0, 0, 14.71%, 1, 0, 3, 327.77, 21513, 5, 13518, 0
71, 580, 2, 3, 0, 0, 14.71%, 1, 0, 3, 330.91, 23219, 5, 14591, 0
76, 622, 2, 3, 0, 0, 14.71%, 1, 0, 3, 331.63, 24905, 5, 15668, 0
81, 663, 2, 3, 0, 0, 14.71%, 1, 0, 3, 326.03, 26545, 5, 16712, 0
86, 704, 2, 3, 0, 0, 14.71%, 1, 0, 3, 325.61, 28201, 5, 17763, 0
91, 747, 2, 3, 0, 0, 14.71%, 1, 0, 3, 334.33, 29897, 5, 18836, 0
96, 788, 2, 3, 0, 0, 14.71%, 1, 0, 3, 327.55, 31537, 5, 19881, 0
101, 830, 2, 3, 0, 0, 14.71%, 1, 0, 3, 327.61, 33235, 5, 20968, 0
106, 871, 2, 3, 0, 0, 14.71%, 1, 0, 3, 326.59, 34881, 5, 22009, 0
111, 912, 2, 3, 0, 0, 14.71%, 1, 0, 3, 318.04, 36513, 5, 23003, 0
116, 949, 2, 3, 0, 0, 14.71%, 1, 0, 3, 291.02, 38010, 5, 23849, 0
122, 988, 2, 3, 0, 0, 14.71%, 1, 0, 3, 309.17, 39553, 5, 24812, 0
127, 1030, 2, 3, 0, 0, 14.71%, 1, 0, 3, 331.35, 41242, 5, 25890, 0
132, 1071, 2, 3, 0, 0, 14.71%, 1, 0, 3, 315.93, 42857, 5, 26863, 0
137, 1113, 1, 3, 0, 0, 14.71%, 1, 0, 3, 331.48, 44561, 5, 27965, 0
142, 1155, 2, 3, 0, 0, 14.71%, 1, 0, 3, 329.90, 46211, 5, 28994, 0
147, 1196, 2, 3, 0, 0, 14.71%, 1, 0, 3, 332.05, 47889, 5, 30036, 0
152, 1239, 1, 3, 0, 0, 14.71%, 1, 0, 3, 332.05, 49609, 5, 31159, 0
157, 1282, 2, 3, 0, 0, 14.71%, 1, 0, 3, 336.05, 51329, 5, 32263, 0
162, 1325, 1, 3, 0, 0, 14.71%, 1, 0, 3, 335.59, 53017, 5, 33365, 0
167, 1367, 2, 3, 0, 0, 14.71%, 1, 0, 3, 336.35, 54721, 5, 34459, 0
172, 1409, 1, 3, 0, 0, 14.71%, 1, 0, 3, 337.67, 56409, 5, 35570, 0
177, 1452, 0, 3, 0, 0, 14.71%, 1, 0, 3, 337.88, 58105, 5, 36662, 0
182, 1494, 2, 3, 0, 0, 14.71%, 1, 0, 3, 338.31, 59801, 5, 37746, 0
187, 1537, 0, 3, 0, 0, 14.71%, 1, 0, 3, 339.60, 61505, 5, 38853, 0
192, 1580, 2, 3, 0, 0, 14.71%, 1, 0, 3, 336.23, 63249, 5, 39989, 0
197, 1622, 1, 3, 0, 0, 14.71%, 1, 0, 3, 334.40, 64929, 5, 41087, 0
202, 1665, 2, 3, 0, 0, 14.71%, 1, 0, 3, 334.91, 66625, 5, 42189, 0
207, 1707, 2, 3, 0, 0, 14.71%, 1, 0, 3, 333.80, 68307, 5, 43291, 0
213, 1750, 0, 3, 0, 0, 14.71%, 1, 0, 3, 334.73, 70041, 5, 44405, 0
218, 1793, 2, 3, 0, 0, 14.71%, 1, 0, 3, 337.10, 71737, 5, 45483, 0
223, 1837, 1, 3, 0, 0, 14.71%, 1, 0, 3, 339.90, 73513, 5, 46617, 0
228, 1879, 2, 3, 0, 0, 14.71%, 1, 0, 3, 332.02, 75177, 5, 47694, 0
233, 1921, 2, 3, 0, 0, 14.71%, 1, 0, 3, 335.00, 76873, 5, 48787, 0
238, 1965, 2, 3, 0, 0, 14.71%, 1, 0, 3, 332.62, 78617, 5, 49915, 0
243, 2007, 2, 3, 0, 0, 14.71%, 1, 0, 3, 330.59, 80321, 5, 51012, 0
248, 2051, 2, 3, 0, 0, 14.71%, 1, 0, 3, 335.90, 82057, 5, 52145, 0
254, 2095, 2, 3, 0, 0, 14.71%, 1, 0, 3, 341.55, 83825, 5, 53279, 0
259, 2137, 2, 3, 0, 0, 14.71%, 1, 0, 3, 338.80, 85522, 5, 54393, 0
264, 2181, 2, 3, 0, 0, 14.71%, 1, 0, 3, 339.24, 87281, 5, 55535, 0
269, 2225, 2, 3, 0, 0, 14.71%, 1, 0, 3, 334.61, 89017, 5, 56658, 0
274, 2267, 2, 3, 0, 0, 14.71%, 1, 0, 3, 339.49, 90729, 5, 57736, 0
279, 2310, 2, 3, 0, 0, 14.71%, 1, 0, 3, 338.14, 92427, 5, 58821, 0
284, 2352, 2, 3, 0, 0, 14.71%, 1, 0, 3, 337.12, 94121, 5, 59904, 0
289, 2394, 2, 3, 0, 0, 14.71%, 1, 0, 3, 334.77, 95785, 5, 60978, 0
294, 2436, 2, 3, 0, 0, 14.71%, 1, 0, 3, 334.77, 97465, 5, 62065, 0
299, 2479, 2, 3, 0, 0, 14.71%, 1, 0, 3, 336.03, 99210, 5, 63189, 0
304, 2521, 2, 3, 0, 0, 14.71%, 1, 0, 3, 331.56, 100873, 5, 64257, 0
310, 2565, 0, 3, 0, 0, 14.71%, 1, 0, 3, 335.74, 102625, 5, 65395, 0
315, 2607, 2, 3, 0, 0, 14.71%, 1, 0, 3, 336.75, 104321, 5, 66482, 0
320, 2650, 2, 3, 0, 0, 14.71%, 1, 0, 3, 338.19, 106033, 5, 67567, 0
325, 2692, 2, 3, 0, 0, 14.71%, 1, 0, 3, 336.03, 107721, 5, 68652, 0
330, 2735, 0, 3, 0, 0, 14.71%, 1, 0, 3, 337.47, 109418, 5, 69767, 0
335, 2779, 2, 3, 0, 0, 14.71%, 1, 0, 3, 336.76, 111171, 5, 70926, 0
340, 2821, 2, 3, 0, 0, 14.71%, 1, 0, 3, 336.58, 112881, 5, 72040, 0
345, 2863, 2, 3, 0, 0, 14.71%, 1, 0, 3, 334.23, 114569, 5, 73141, 0
350, 2906, 2, 3, 0, 0, 14.71%, 1, 0, 3, 340.18, 116281, 5, 74247, 0
355, 2950, 0, 3, 0, 0, 14.71%, 1, 0, 3, 337.87, 118017, 5, 75371, 0
360, 2992, 1, 3, 0, 0, 14.71%, 1, 0, 3, 335.82, 119705, 5, 76457, 0
365, 3035, 0, 3, 0, 0, 14.71%, 1, 0, 3, 332.60, 121425, 5, 77574, 0
370, 3077, 2, 3, 0, 0, 14.71%, 1, 0, 3, 335.20, 123121, 5, 78658, 0
376, 3120, 2, 3, 0, 0, 14.71%, 1, 0, 3, 333.11, 124849, 5, 79775, 0
381, 3163, 2, 3, 0, 0, 14.71%, 1, 0, 3, 337.91, 126553, 5, 80865, 0
386, 3205, 0, 3, 0, 0, 14.71%, 1, 0, 3, 333.85, 128217, 5, 81951, 0
391, 3247, 2, 3, 0, 0, 14.71%, 1, 0, 3, 336.65, 129907, 5, 83040, 0
396, 3289, 2, 3, 0, 0, 14.71%, 1, 0, 3, 337.88, 131602, 5, 84138, 0
401, 3331, 0, 3, 0, 0, 14.71%, 1, 0, 3, 334.38, 133273, 5, 85210, 0
406, 3369, 2, 3, 0, 0, 14.71%, 1, 0, 3, 317.09, 134809, 5, 86155, 0
411, 3411, 2, 3, 0, 0, 14.71%, 1, 0, 3, 325.10, 136467, 5, 87182, 0
416, 3453, 2, 3, 0, 0, 14.71%, 1, 0, 3, 336.30, 138161, 5, 88287, 0
421, 3496, 1, 3, 0, 0, 14.71%, 1, 0, 3, 330.21, 139881, 5, 89389, 0
426, 3538, 1, 3, 0, 0, 14.71%, 1, 0, 3, 332.36, 141561, 5, 90464, 0
431, 3582, 2, 3, 0, 0, 14.71%, 1, 0, 3, 336.06, 143305, 5, 91573, 0
436, 3624, 1, 3, 0, 0, 14.71%, 1, 0, 3, 325.48, 144985, 5, 92642, 0
442, 3666, 0, 3, 0, 0, 14.71%, 1, 0, 3, 331.02, 146673, 5, 93671, 0
447, 3708, 2, 3, 0, 0, 14.71%, 1, 0, 3, 328.48, 148370, 5, 94726, 0
452, 3750, 2, 3, 0, 0, 14.71%, 1, 0, 3, 333.79, 150049, 5, 95805, 0
457, 3792, 2, 3, 0, 0, 14.71%, 1, 0, 3, 329.61, 151713, 5, 96868, 0
462, 3835, 2, 3, 0, 0, 14.71%, 1, 0, 3, 332.96, 153441, 5, 97978, 0
467, 3877, 2, 3, 0, 0, 14.71%, 1, 0, 3, 324.50, 155097, 5, 99037, 0
472, 3919, 2, 3, 0, 0, 14.71%, 1, 0, 3, 334.15, 156793, 5, 100109, 0
477, 3963, 2, 3, 0, 0, 14.71%, 1, 0, 3, 336.78, 158545, 5, 101232, 0
482, 4005, 2, 3, 0, 0, 14.71%, 1, 0, 3, 331.12, 160217, 5, 102302, 0
487, 4047, 2, 3, 0, 0, 14.71%, 1, 0, 3, 334.98, 161905, 5, 103394, 0
493, 4091, 2, 3, 0, 0, 14.71%, 1, 0, 3, 336.40, 163657, 5, 104496, 0
498, 4135, 1, 3, 0, 0, 14.71%, 1, 0, 3, 338.68, 165417, 5, 105597, 0
503, 4177, 1, 3, 0, 0, 14.71%, 1, 0, 3, 337.83, 167105, 5, 106638, 0
508, 4219, 2, 3, 0, 0, 14.71%, 1, 0, 3, 335.64, 168785, 5, 107703, 0
513, 4261, 2, 3, 0, 0, 14.71%, 1, 0, 3, 335.15, 170459, 5, 108788, 0
518, 4299, 3, 4, 0, 0, 17.65%, 1, 0, 4, 336.25, 172155, 6, 109879, 0
523, 4336, 0, 4, 0, 0, 17.65%, 1, 0, 4, 335.41, 173899, 6, 110954, 0
528, 4371, 3, 4, 0, 0, 17.65%, 1, 0, 4, 336.97, 175579, 6, 112029, 0
533, 4407, 3, 4, 0, 0, 17.65%, 1, 0, 4, 341.65, 177347, 6, 113185, 0
538, 4443, 0, 4, 0, 0, 17.65%, 1, 0, 4, 337.22, 179043, 6, 114295, 0
543, 4478, 3, 4, 0, 0, 17.65%, 1, 0, 4, 336.27, 180739, 6, 115395, 0
548, 4513, 2, 4, 0, 0, 17.65%, 1, 0, 4, 336.85, 182435, 6, 116489, 0
554, 4550, 3, 4, 0, 0, 17.65%, 1, 0, 4, 340.53, 184211, 6, 117653, 0
559, 4586, 2, 4, 0, 0, 17.65%, 1, 0, 4, 339.57, 185923, 6, 118779, 0
564, 4622, 0, 4, 0, 0, 17.65%, 1, 0, 4, 339.77, 187627, 6, 119889, 0
569, 4657, 2, 4, 0, 0, 17.65%, 1, 0, 4, 342.52, 189339, 6, 120991, 0
574, 4695, 2, 4, 0, 0, 17.65%, 1, 0, 4, 343.74, 191131, 6, 122178, 0
579, 4732, 3, 4, 0, 0, 17.65%, 1, 0, 4, 341.42, 192907, 6, 123320, 0
584, 4768, 0, 4, 0, 0, 17.65%, 1, 0, 4, 340.93, 194668, 6, 124463, 0
589, 4804, 3, 4, 0, 0, 17.65%, 1, 0, 4, 338.45, 196371, 6, 125554, 0
594, 4840, 1, 4, 0, 0, 17.65%, 1, 0, 4, 334.70, 198099, 6, 126659, 0
599, 4875, 2, 4, 0, 0, 17.65%, 1, 0, 4, 338.74, 199803, 6, 127753, 0
604, 4911, 3, 4, 0, 0, 17.65%, 1, 0, 4, 339.51, 201507, 6, 128854, 0
610, 4946, 3, 4, 0, 0, 17.65%, 1, 0, 4, 341.00, 203219, 6, 129966, 0
615, 4982, 1, 4, 0, 0, 17.65%, 1, 0, 4, 337.78, 204915, 6, 131038, 0
620, 5017, 2, 4, 0, 0, 17.65%, 1, 0, 4, 339.57, 206627, 6, 132137, 0
625, 5055, 2, 4, 0, 0, 17.65%, 1, 0, 4, 342.13, 208411, 6, 133275, 0
630, 5090, 0, 4, 0, 0, 17.65%, 1, 0, 4, 343.49, 210123, 6, 134382, 0
635, 5127, 3, 4, 0, 0, 17.65%, 1, 0, 4, 344.30, 211899, 6, 135547, 0
640, 5163, 3, 4, 0, 0, 17.65%, 1, 0, 4, 340.89, 213611, 6, 136640, 0
645, 5198, 3, 4, 0, 0, 17.65%, 1, 0, 4, 336.05, 215307, 6, 137730, 0
650, 5233, 0, 4, 0, 0, 17.65%, 1, 0, 4, 328.92, 216955, 6, 138752, 0
655, 5268, 2, 4, 0, 0, 17.65%, 1, 0, 4, 326.65, 218643, 6, 139823, 0
660, 5302, 2, 4, 0, 0, 17.65%, 1, 0, 4, 325.45, 220307, 6, 140859, 0
666, 5338, 3, 4, 0, 0, 17.65%, 1, 0, 4, 326.48, 221995, 6, 141910, 0
671, 5372, 1, 4, 0, 0, 17.65%, 1, 0, 4, 322.84, 223627, 6, 142926, 0
676, 5406, 2, 4, 0, 0, 17.65%, 1, 0, 4, 327.27, 225283, 6, 143943, 0
681, 5441, 3, 4, 0, 0, 17.65%, 1, 0, 4, 332.46, 226963, 6, 145033, 0
686, 5476, 0, 4, 0, 0, 17.65%, 1, 0, 4, 332.58, 228635, 6, 146111, 0
691, 5510, 0, 4, 0, 0, 17.65%, 1, 0, 4, 326.36, 230259, 6, 147133, 0
