# relative_time, cycles_done, cur_item, corpus_count, pending_total, pending_favs, map_size, saved_crashes, saved_hangs, max_depth, execs_per_sec, total_execs, edges_found, total_crashes, servers_count
61, 8, 1, 4, 0, 0, 17.65%, 0, 0, 2, 249.11, 16233, 6, 0, 0
66, 9, 1, 4, 0, 0, 17.65%, 0, 0, 2, 239.25, 17385, 6, 0, 0
71, 9, 2, 4, 0, 0, 17.65%, 0, 0, 2, 253.12, 18691, 6, 0, 0
76, 10, 3, 4, 0, 0, 17.65%, 0, 0, 2, 235.06, 19861, 6, 0, 0
81, 11, 1, 4, 0, 0, 17.65%, 0, 0, 2, 221.22, 20913, 6, 0, 0
86, 11, 3, 4, 0, 0, 17.65%, 0, 0, 2, 242.43, 22181, 6, 0, 0
91, 12, 1, 4, 0, 0, 17.65%, 0, 0, 2, 243.64, 23440, 6, 0, 0
96, 13, 3, 4, 0, 0, 17.65%, 0, 0, 2, 214.23, 24445, 6, 0, 0
101, 13, 2, 4, 0, 0, 17.65%, 0, 0, 2, 207.78, 25473, 6, 0, 0
106, 14, 1, 4, 0, 0, 17.65%, 0, 0, 2, 203.38, 26517, 6, 0, 0
111, 15, 0, 4, 0, 0, 17.65%, 0, 0, 2, 198.57, 27483, 6, 0, 0
117, 15, 3, 4, 0, 0, 17.65%, 0, 0, 2, 190.97, 28464, 6, 0, 0
122, 16, 2, 4, 0, 0, 17.65%, 0, 0, 2, 186.42, 29411, 6, 0, 0
127, 16, 1, 4, 0, 0, 17.65%, 0, 0, 2, 190.31, 30383, 6, 0, 0
132, 17, 2, 4, 0, 0, 17.65%, 0, 0, 2, 197.12, 31382, 6, 0, 0
137, 17, 2, 4, 0, 0, 17.65%, 0, 0, 2, 220.75, 32545, 6, 0, 0
142, 18, 1, 4, 0, 0, 17.65%, 0, 0, 2, 217.88, 33657, 6, 0, 0
147, 19, 0, 4, 0, 0, 17.65%, 0, 0, 2, 216.67, 34745, 6, 0, 0
153, 19, 2, 4, 0, 0, 17.65%, 0, 0, 2, 238.09, 35989, 6, 0, 0
158, 20, 2, 4, 0, 0, 17.65%, 0, 0, 2, 221.61, 37169, 6, 0, 0
163, 21, 2, 4, 0, 0, 17.65%, 0, 0, 2, 225.94, 38325, 6, 0, 0
168, 21, 2, 4, 0, 0, 17.65%, 0, 0, 2, 227.50, 39553, 6, 0, 0
173, 22, 1, 4, 0, 0, 17.65%, 0, 0, 2, 210.94, 40637, 6, 0, 0
178, 23, 2, 4, 0, 0, 17.65%, 0, 0, 2, 214.06, 41725, 6, 0, 0
183, 23, 1, 4, 0, 0, 17.65%, 0, 0, 2, 223.33, 42849, 6, 0, 0
188, 24, 0, 4, 0, 0, 17.65%, 0, 0, 2, 222.38, 43965, 6, 0, 0
193, 25, 0, 4, 0, 0, 17.65%, 0, 0, 2, 224.83, 45061, 6, 0, 0
