# relative_time, cycles_done, cur_item, corpus_count, pending_total, pending_favs, map_size, saved_crashes, saved_hangs, max_depth, execs_per_sec, total_execs, edges_found, total_crashes, servers_count
61, 0, 0, 54, 54, 2, 20.48%, 0, 0, 2, 165.60, 9786, 357, 0, 0
66, 0, 0, 54, 54, 2, 20.48%, 0, 0, 2, 138.98, 10471, 357, 0, 0
71, 0, 0, 54, 54, 2, 20.48%, 0, 0, 2, 145.11, 11301, 357, 0, 0
76, 0, 0, 54, 54, 2, 20.48%, 0, 0, 2, 157.21, 12156, 357, 0, 0
81, 0, 0, 54, 54, 2, 20.48%, 0, 0, 2, 165.58, 12969, 357, 0, 0
87, 0, 1, 71, 70, 29, 20.83%, 0, 0, 2, 165.95, 13714, 363, 0, 0
92, 0, 1, 71, 70, 29, 20.83%, 0, 0, 2, 132.65, 14317, 363, 0, 0
97, 0, 1, 71, 70, 29, 20.83%, 0, 0, 2, 139.14, 15073, 363, 0, 0
102, 0, 1, 71, 70, 29, 20.83%, 0, 0, 2, 152.18, 15886, 363, 0, 0
107, 0, 1, 71, 70, 29, 20.83%, 0, 0, 2, 157.08, 16663, 363, 0, 0
112, 0, 1, 71, 70, 29, 20.83%, 0, 0, 2, 144.56, 17361, 363, 0, 0
117, 0, 1, 71, 70, 29, 20.83%, 0, 0, 2, 135.13, 18109, 363, 0, 0
122, 0, 1, 71, 70, 29, 20.83%, 0, 0, 2, 136.92, 18841, 363, 0, 0
128, 0, 1, 71, 70, 29, 20.83%, 0, 0, 2, 140.23, 19559, 363, 0, 0
133, 0, 1, 71, 70, 29, 20.83%, 0, 0, 2, 157.22, 20323, 363, 0, 0
138, 0, 1, 71, 70, 29, 20.83%, 0, 0, 2, 129.90, 20935, 363, 0, 0
143, 0, 1, 71, 70, 29, 20.83%, 0, 0, 2, 142.21, 21741, 363, 0, 0
148, 0, 1, 71, 70, 29, 20.83%, 0, 0, 2, 149.50, 22525, 363, 0, 0
153, 0, 1, 71, 70, 29, 20.83%, 0, 0, 2, 160.59, 23317, 363, 0, 0
158, 0, 1, 71, 70, 29, 20.83%, 0, 0, 2, 149.13, 23999, 363, 0, 0
163, 0, 1, 71, 70, 29, 20.83%, 0, 0, 2, 129.89, 24663, 363, 0, 0
168, 0, 1, 71, 70, 29, 20.83%, 0, 0, 2, 144.54, 25483, 363, 0, 0
173, 0, 12, 72, 69, 28, 20.83%, 0, 0, 3, 150.76, 26250, 363, 0, 0
178, 0, 15, 76, 71, 26, 20.83%, 0, 0, 3, 166.09, 27029, 363, 0, 0
184, 0, 15, 76, 71, 26, 20.83%, 0, 0, 3, 137.79, 27699, 363, 0, 0
189, 0, 75, 77, 68, 24, 20.83%, 0, 0, 4, 149.65, 28533, 363, 0, 0
194, 0, 26, 87, 77, 23, 21.00%, 0, 0, 4, 149.53, 29298, 366, 0, 0
199, 0, 26, 90, 80, 23, 21.00%, 0, 0, 4, 159.76, 30096, 366, 0, 0
204, 0, 26, 91, 81, 23, 21.06%, 0, 0, 4, 170.09, 30844, 367, 0, 0
209, 0, 26, 91, 81, 23, 21.06%, 0, 0, 4, 152.04, 31600, 367, 0, 0
214, 0, 26, 91, 81, 23, 21.06%, 0, 0, 4, 171.72, 32551, 367, 0, 0
219, 0, 26, 91, 81, 23, 21.06%, 0, 0, 4, 180.98, 33487, 367, 0, 0
224, 0, 26, 91, 81, 23, 21.06%, 0, 0, 4, 179.37, 34318, 367, 0, 0
229, 0, 26, 91, 81, 23, 21.06%, 0, 0, 4, 167.02, 35149, 367, 0, 0
234, 0, 26, 91, 81, 23, 21.06%, 0, 0, 4, 153.00, 35968, 367, 0, 0
239, 0, 26, 91, 81, 23, 21.06%, 0, 0, 4, 154.57, 36751, 367, 0, 0
244, 0, 26, 91, 81, 23, 21.06%, 0, 0, 4, 173.79, 37678, 367, 0, 0
250, 0, 27, 93, 82, 24, 21.06%, 0, 0, 4, 187.44, 38594, 367, 0, 0
255, 0, 27, 94, 83, 24, 21.17%, 0, 0, 4, 163.95, 39402, 369, 0, 0
260, 0, 35, 95, 80, 21, 21.17%, 0, 0, 4, 166.54, 40322, 369, 0, 0
265, 0, 55, 96, 74, 14, 21.17%, 0, 0, 4, 177.17, 41273, 369, 0, 0
270, 0, 68, 97, 70, 9, 21.17%, 0, 0, 4, 171.09, 42131, 369, 0, 0
275, 0, 67, 99, 70, 7, 21.17%, 0, 0, 4, 169.64, 42910, 369, 0, 0
281, 0, 95, 101, 70, 6, 21.17%, 0, 0, 4, 148.20, 43650, 369, 0, 0
286, 0, 81, 102, 68, 3, 21.23%, 0, 0, 4, 155.75, 44486, 370, 0, 0
291, 0, 101, 104, 68, 1, 21.23%, 0, 0, 4, 163.71, 45320, 370, 0, 0
296, 0, 22, 106, 67, 0, 21.29%, 0, 0, 4, 176.94, 46193, 371, 0, 0
301, 0, 8, 106, 66, 0, 21.29%, 0, 0, 4, 145.62, 46912, 371, 0, 0
306, 0, 90, 107, 65, 0, 21.29%, 0, 0, 4, 159.74, 47789, 371, 0, 0
311, 0, 64, 107, 64, 0, 21.29%, 0, 0, 4, 164.63, 48697, 371, 0, 0
316, 0, 34, 108, 63, 0, 21.29%, 0, 0, 4, 169.44, 49525, 371, 0, 0
321, 0, 83, 109, 63, 0, 21.63%, 0, 0, 4, 194.17, 50447, 377, 0, 0
326, 0, 109, 112, 64, 1, 21.86%, 0, 0, 6, 135.56, 51080, 381, 0, 0
332, 0, 113, 114, 64, 1, 21.92%, 0, 0, 6, 157.70, 51985, 382, 0, 0
337, 0, 33, 114, 62, 0, 21.92%, 0, 0, 6, 172.84, 52882, 382, 0, 0
342, 0, 114, 115, 62, 0, 21.97%, 0, 0, 6, 190.15, 53852, 383, 0, 0
347, 0, 81, 115, 62, 0, 21.97%, 0, 0, 6, 193.56, 54801, 383, 0, 0
352, 0, 17, 115, 62, 0, 21.97%, 0, 0, 6, 160.92, 55617, 383, 0, 0
357, 0, 27, 116, 61, 0, 21.97%, 0, 0, 6, 167.77, 56526, 383, 0, 0
362, 1, 29, 116, 61, 0, 21.97%, 0, 0, 6, 182.21, 57465, 383, 0, 0
367, 1, 100, 116, 58, 0, 21.97%, 0, 0, 6, 197.84, 58426, 383, 0, 0
372, 1, 10, 116, 55, 0, 21.97%, 0, 0, 6, 177.48, 59285, 383, 0, 0
378, 1, 112, 116, 51, 0, 21.97%, 0, 0, 6, 177.62, 60265, 383, 0, 0
383, 1, 103, 118, 53, 0, 21.97%, 0, 0, 6, 185.24, 61251, 383, 0, 0
388, 1, 103, 119, 54, 0, 21.97%, 0, 0, 6, 193.91, 62254, 383, 0, 0
393, 1, 116, 120, 54, 1, 21.97%, 0, 0, 6, 206.76, 63183, 383, 0, 0
398, 1, 70, 121, 53, 0, 22.03%, 0, 0, 6, 196.44, 64183, 384, 0, 0
403, 1, 96, 123, 52, 0, 22.03%, 0, 0, 6, 199.20, 65264, 384, 0, 0
408, 1, 33, 123, 48, 0, 22.03%, 0, 0, 6, 209.30, 66379, 384, 0, 0
413, 1, 93, 123, 47, 0, 22.03%, 0, 0, 6, 194.15, 67287, 384, 0, 0
418, 1, 37, 123, 45, 0, 22.03%, 0, 0, 6, 188.91, 68179, 384, 0, 0
424, 1, 69, 123, 44, 0, 22.03%, 0, 0, 6, 162.87, 69007, 384, 0, 0
429, 1, 38, 123, 41, 0, 22.03%, 0, 0, 6, 165.13, 69940, 384, 0, 0
434, 1, 95, 123, 41, 0, 22.03%, 0, 0, 6, 166.98, 70789, 384, 0, 0
439, 1, 107, 125, 43, 0, 22.03%, 0, 0, 6, 173.37, 71616, 384, 0, 0
444, 1, 123, 128, 46, 1, 22.03%, 0, 0, 6, 164.84, 72429, 384, 0, 0
449, 1, 76, 128, 43, 0, 22.03%, 0, 0, 6, 159.68, 73333, 384, 0, 0
454, 1, 27, 128, 42, 0, 22.03%, 0, 0, 6, 163.41, 74191, 384, 0, 0
459, 1, 69, 128, 40, 0, 22.03%, 0, 0, 6, 171.60, 75044, 384, 0, 0
464, 1, 79, 128, 39, 0, 22.03%, 0, 0, 6, 176.18, 75846, 384, 0, 0
469, 1, 125, 128, 39, 0, 22.03%, 0, 0, 6, 165.35, 76689, 384, 0, 0
474, 1, 125, 128, 39, 0, 22.03%, 0, 0, 6, 152.76, 77481, 384, 0, 0
479, 1, 116, 128, 39, 0, 22.03%, 0, 0, 6, 162.05, 78305, 384, 0, 0
484, 1, 38, 128, 37, 0, 22.03%, 0, 0, 6, 176.25, 79173, 384, 0, 0
489, 1, 120, 128, 37, 0, 22.03%, 0, 0, 6, 134.33, 79785, 384, 0, 0
494, 2, 125, 128, 34, 0, 22.03%, 0, 0, 6, 165.92, 80721, 384, 0, 0
500, 2, 116, 129, 35, 0, 22.03%, 0, 0, 6, 154.52, 81575, 384, 0, 0
505, 2, 113, 129, 35, 0, 22.03%, 0, 0, 6, 157.52, 82350, 384, 0, 0
510, 2, 113, 129, 34, 0, 22.03%, 0, 0, 6, 157.11, 83034, 384, 0, 0
515, 2, 33, 129, 33, 0, 22.03%, 0, 0, 6, 134.83, 83685, 384, 0, 0
520, 2, 108, 130, 33, 0, 22.03%, 0, 0, 6, 141.46, 84495, 384, 0, 0
525, 2, 19, 130, 32, 0, 22.03%, 0, 0, 6, 148.05, 85297, 384, 0, 0
530, 2, 115, 130, 32, 0, 22.03%, 0, 0, 6, 157.85, 86082, 384, 0, 0
535, 2, 27, 130, 31, 0, 22.03%, 0, 0, 6, 153.91, 86814, 384, 0, 0
540, 2, 129, 131, 32, 0, 22.03%, 0, 0, 6, 130.09, 87480, 384, 0, 0
546, 2, 108, 131, 30, 0, 22.03%, 0, 0, 6, 133.22, 88239, 384, 0, 0
551, 2, 125, 131, 29, 0, 22.03%, 0, 0, 6, 152.88, 89027, 384, 0, 0
556, 2, 53, 131, 28, 0, 22.03%, 0, 0, 6, 163.83, 89832, 384, 0, 0
561, 2, 116, 131, 28, 0, 22.03%, 0, 0, 6, 135.52, 90467, 384, 0, 0
566, 2, 125, 131, 28, 0, 22.03%, 0, 0, 6, 131.79, 91228, 384, 0, 0
571, 2, 99, 131, 28, 0, 22.03%, 0, 0, 6, 144.14, 92012, 384, 0, 0
576, 2, 78, 131, 27, 0, 22.03%, 0, 0, 6, 154.60, 92812, 384, 0, 0
582, 2, 25, 131, 27, 0, 22.03%, 0, 0, 6, 165.07, 93566, 384, 0, 0
587, 2, 99, 131, 27, 0, 22.03%, 0, 0, 6, 127.43, 94145, 384, 0, 0
592, 2, 78, 131, 27, 0, 22.03%, 0, 0, 6, 130.38, 94872, 384, 0, 0
597, 2, 78, 131, 26, 0, 22.03%, 0, 0, 6, 132.52, 95553, 384, 0, 0
602, 2, 95, 131, 25, 0, 22.03%, 0, 0, 6, 142.44, 96275, 384, 0, 0
607, 2, 95, 131, 25, 0, 22.03%, 0, 0, 6, 139.02, 96906, 384, 0, 0
612, 2, 130, 132, 25, 0, 22.03%, 0, 0, 6, 128.39, 97576, 384, 0, 0
617, 2, 40, 132, 24, 0, 22.03%, 0, 0, 6, 128.28, 98294, 384, 0, 0
622, 2, 68, 132, 23, 0, 22.03%, 0, 0, 6, 126.43, 98971, 384, 0, 0
628, 2, 79, 132, 22, 0, 22.03%, 0, 0, 6, 149.78, 99696, 384, 0, 0
633, 3, 33, 132, 21, 0, 22.03%, 0, 0, 6, 128.92, 100298, 384, 0, 0
638, 3, 131, 134, 23, 0, 22.03%, 0, 0, 7, 127.57, 101012, 384, 0, 0
643, 3, 53, 134, 22, 0, 22.03%, 0, 0, 7, 126.94, 101700, 384, 0, 0
648, 3, 78, 134, 21, 0, 22.03%, 0, 0, 7, 135.91, 102347, 384, 0, 0
653, 3, 32, 134, 21, 0, 22.03%, 0, 0, 7, 157.44, 103089, 384, 0, 0
658, 3, 132, 135, 21, 0, 22.03%, 0, 0, 8, 121.66, 103650, 384, 0, 0
663, 3, 29, 135, 20, 0, 22.03%, 0, 0, 8, 127.42, 104372, 384, 0, 0
668, 3, 125, 135, 20, 0, 22.03%, 0, 0, 8, 119.52, 105021, 384, 0, 0
674, 3, 133, 137, 22, 0, 22.03%, 0, 0, 8, 140.19, 105706, 384, 0, 0
679, 3, 13, 137, 21, 0, 22.03%, 0, 0, 8, 123.91, 106266, 384, 0, 0
684, 3, 136, 137, 21, 0, 22.03%, 0, 0, 8, 115.66, 106872, 384, 0, 0
689, 3, 134, 138, 21, 0, 22.03%, 0, 0, 9, 124.67, 107552, 384, 0, 0
694, 3, 68, 138, 20, 0, 22.03%, 0, 0, 9, 135.96, 108257, 384, 0, 0
699, 3, 114, 138, 20, 0, 22.03%, 0, 0, 9, 140.83, 108941, 384, 0, 0
704, 3, 54, 138, 19, 0, 22.03%, 0, 0, 9, 102.12, 109421, 384, 0, 0
709, 3, 78, 138, 19, 0, 22.03%, 0, 0, 9, 123.05, 110143, 384, 0, 0
714, 3, 121, 138, 19, 0, 22.03%, 0, 0, 9, 136.55, 110876, 384, 0, 0
719, 3, 33, 138, 18, 0, 22.03%, 0, 0, 9, 136.13, 111547, 384, 0, 0
725, 3, 35, 138, 17, 0, 22.03%, 0, 0, 9, 145.85, 112189, 384, 0, 0
730, 3, 53, 138, 17, 0, 22.03%, 0, 0, 9, 113.81, 112726, 384, 0, 0
735, 3, 27, 138, 17, 0, 22.03%, 0, 0, 9, 124.66, 113428, 384, 0, 0
740, 3, 115, 138, 17, 0, 22.03%, 0, 0, 9, 134.02, 114163, 384, 0, 0
745, 3, 135, 140, 19, 0, 22.03%, 0, 0, 9, 120.30, 114715, 384, 0, 0
750, 3, 135, 140, 19, 0, 22.03%, 0, 0, 9, 115.30, 115237, 384, 0, 0
755, 3, 95, 140, 18, 0, 22.03%, 0, 0, 9, 113.51, 115897, 384, 0, 0
760, 3, 78, 140, 18, 0, 22.03%, 0, 0, 9, 115.53, 116532, 384, 0, 0
765, 3, 120, 140, 18, 0, 22.03%, 0, 0, 9, 136.27, 117232, 384, 0, 0
771, 3, 79, 140, 18, 0, 22.03%, 0, 0, 9, 150.00, 117954, 384, 0, 0
776, 3, 113, 140, 18, 0, 22.03%, 0, 0, 9, 112.03, 118476, 384, 0, 0
781, 3, 138, 140, 18, 0, 22.03%, 0, 0, 9, 117.29, 119162, 384, 0, 0
786, 3, 29, 140, 17, 0, 22.03%, 0, 0, 9, 124.39, 119820, 384, 0, 0
791, 3, 18, 140, 17, 0, 22.03%, 0, 0, 9, 137.73, 120525, 384, 0, 0
796, 3, 139, 140, 17, 0, 22.03%, 0, 0, 9, 151.51, 121200, 384, 0, 0
801, 3, 45, 140, 16, 0, 22.03%, 0, 0, 9, 116.83, 121752, 384, 0, 0
806, 3, 83, 140, 16, 0, 22.03%, 0, 0, 9, 120.12, 122395, 384, 0, 0
811, 3, 93, 140, 16, 0, 22.03%, 0, 0, 9, 121.34, 123025, 384, 0, 0
816, 4, 95, 140, 15, 0, 22.03%, 0, 0, 9, 137.28, 123680, 384, 0, 0
821, 4, 125, 140, 15, 0, 22.03%, 0, 0, 9, 114.09, 124224, 384, 0, 0
826, 4, 79, 140, 15, 0, 22.03%, 0, 0, 9, 110.63, 124840, 384, 0, 0
832, 4, 32, 140, 14, 0, 22.03%, 0, 0, 9, 129.03, 125574, 384, 0, 0
837, 4, 116, 140, 14, 0, 22.03%, 0, 0, 9, 136.61, 126247, 384, 0, 0
842, 4, 116, 140, 14, 0, 22.03%, 0, 0, 9, 138.50, 126874, 384, 0, 0
847, 4, 38, 140, 14, 0, 22.03%, 0, 0, 9, 106.53, 127348, 384, 0, 0
852, 4, 93, 140, 14, 0, 22.03%, 0, 0, 9, 123.48, 128041, 384, 0, 0
857, 4, 108, 140, 14, 0, 22.03%, 0, 0, 9, 126.14, 128694, 384, 0, 0
862, 4, 115, 140, 14, 0, 22.03%, 0, 0, 9, 148.38, 129422, 384, 0, 0
867, 4, 78, 140, 14, 0, 22.03%, 0, 0, 9, 135.33, 130037, 384, 0, 0
872, 4, 116, 140, 14, 0, 22.03%, 0, 0, 9, 120.87, 130710, 384, 0, 0
877, 4, 78, 140, 14, 0, 22.03%, 0, 0, 9, 113.97, 131318, 384, 0, 0
883, 4, 101, 140, 14, 0, 22.03%, 0, 0, 9, 112.30, 131904, 384, 0, 0
888, 4, 29, 140, 14, 0, 22.03%, 0, 0, 9, 118.15, 132448, 384, 0, 0
893, 4, 95, 140, 13, 0, 22.03%, 0, 0, 9, 97.46, 132923, 384, 0, 0
898, 4, 68, 140, 13, 0, 22.03%, 0, 0, 9, 94.31, 133447, 384, 0, 0
903, 4, 49, 140, 13, 0, 22.03%, 0, 0, 9, 105.45, 134020, 384, 0, 0
908, 4, 114, 140, 13, 0, 22.03%, 0, 0, 9, 129.17, 134665, 384, 0, 0
913, 4, 113, 140, 13, 0, 22.03%, 0, 0, 9, 151.62, 135377, 384, 0, 0
918, 4, 80, 140, 13, 0, 22.03%, 0, 0, 9, 123.28, 135973, 384, 0, 0
923, 4, 121, 140, 13, 0, 22.03%, 0, 0, 9, 130.29, 136707, 384, 0, 0
928, 4, 36, 140, 13, 0, 22.03%, 0, 0, 9, 131.42, 137393, 384, 0, 0
933, 4, 99, 140, 13, 0, 22.03%, 0, 0, 9, 135.57, 138022, 384, 0, 0
939, 4, 114, 140, 13, 0, 22.03%, 0, 0, 9, 101.76, 138477, 384, 0, 0
944, 4, 35, 140, 12, 0, 22.03%, 0, 0, 9, 121.97, 139203, 384, 0, 0
949, 4, 106, 140, 12, 0, 22.03%, 0, 0, 9, 122.98, 139875, 384, 0, 0
954, 4, 103, 140, 12, 0, 22.03%, 0, 0, 9, 143.49, 140629, 384, 0, 0
959, 4, 113, 140, 12, 0, 22.03%, 0, 0, 9, 152.61, 141358, 384, 0, 0
964, 4, 34, 140, 11, 0, 22.03%, 0, 0, 9, 107.47, 141864, 384, 0, 0
969, 4, 103, 140, 10, 0, 22.03%, 0, 0, 9, 98.24, 142380, 384, 0, 0
974, 4, 32, 140, 10, 0, 22.03%, 0, 0, 9, 132.96, 143118, 384, 0, 0
980, 4, 114, 140, 9, 0, 22.03%, 0, 0, 9, 154.52, 143907, 384, 0, 0
985, 4, 99, 140, 9, 0, 22.03%, 0, 0, 9, 165.64, 144616, 384, 0, 0
990, 4, 95, 140, 9, 0, 22.03%, 0, 0, 9, 137.02, 145293, 384, 0, 0
995, 5, 113, 140, 9, 0, 22.03%, 0, 0, 9, 138.58, 146069, 384, 0, 0
1000, 5, 95, 140, 9, 0, 22.03%, 0, 0, 9, 148.16, 146844, 384, 0, 0
1005, 5, 79, 140, 9, 0, 22.03%, 0, 0, 9, 159.96, 147653, 384, 0, 0
1010, 5, 99, 140, 9, 0, 22.03%, 0, 0, 9, 145.78, 148319, 384, 0, 0
1015, 5, 79, 140, 9, 0, 22.03%, 0, 0, 9, 141.24, 149105, 384, 0, 0
1021, 5, 113, 140, 9, 0, 22.03%, 0, 0, 9, 141.90, 149889, 384, 0, 0
1026, 5, 77, 140, 9, 0, 22.03%, 0, 0, 9, 144.74, 150632, 384, 0, 0
1031, 5, 34, 140, 9, 0, 22.03%, 0, 0, 9, 154.83, 151356, 384, 0, 0
1036, 5, 120, 140, 9, 0, 22.03%, 0, 0, 9, 137.56, 152029, 384, 0, 0
1041, 5, 20, 140, 9, 0, 22.03%, 0, 0, 9, 118.12, 152674, 384, 0, 0
1046, 5, 35, 140, 9, 0, 22.03%, 0, 0, 9, 132.48, 153397, 384, 0, 0
1052, 5, 32, 140, 8, 0, 22.03%, 0, 0, 9, 160.44, 154246, 384, 0, 0
1057, 5, 135, 140, 8, 0, 22.03%, 0, 0, 9, 165.68, 155002, 384, 0, 0
1062, 5, 95, 140, 8, 0, 22.03%, 0, 0, 9, 121.60, 155570, 384, 0, 0
1067, 5, 68, 140, 8, 0, 22.03%, 0, 0, 9, 126.38, 156285, 384, 0, 0
1072, 5, 115, 140, 8, 0, 22.03%, 0, 0, 9, 132.79, 156978, 384, 0, 0
1077, 5, 33, 140, 8, 0, 22.03%, 0, 0, 9, 136.95, 157656, 384, 0, 0
1082, 5, 22, 140, 8, 0, 22.03%, 0, 0, 9, 129.25, 158253, 384, 0, 0
1087, 5, 113, 140, 8, 0, 22.03%, 0, 0, 9, 120.99, 158875, 384, 0, 0
1092, 5, 112, 140, 7, 0, 22.03%, 0, 0, 9, 137.55, 159668, 384, 0, 0
1097, 5, 33, 140, 7, 0, 22.03%, 0, 0, 9, 130.62, 160319, 384, 0, 0
1103, 5, 99, 140, 7, 0, 22.03%, 0, 0, 9, 147.29, 161031, 384, 0, 0
1108, 5, 106, 140, 7, 0, 22.03%, 0, 0, 9, 118.03, 161578, 384, 0, 0
1113, 5, 109, 140, 7, 0, 22.03%, 0, 0, 9, 117.40, 162224, 384, 0, 0
1118, 5, 109, 140, 7, 0, 22.03%, 0, 0, 9, 131.32, 162964, 384, 0, 0
1123, 5, 34, 140, 7, 0, 22.03%, 0, 0, 9, 131.32, 163627, 384, 0, 0
1128, 5, 124, 140, 7, 0, 22.03%, 0, 0, 9, 144.26, 164281, 384, 0, 0
1133, 5, 53, 140, 6, 0, 22.03%, 0, 0, 9, 125.68, 164888, 384, 0, 0
1138, 6, 55, 140, 6, 0, 22.03%, 0, 0, 9, 134.05, 165640, 384, 0, 0
1143, 6, 99, 140, 6, 0, 22.03%, 0, 0, 9, 134.85, 166348, 384, 0, 0
1149, 6, 95, 140, 6, 0, 22.03%, 0, 0, 9, 150.24, 167096, 384, 0, 0
1154, 6, 95, 140, 6, 0, 22.03%, 0, 0, 9, 164.11, 167873, 384, 0, 0
1159, 6, 27, 140, 6, 0, 22.03%, 0, 0, 9, 130.87, 168541, 384, 0, 0
1164, 6, 115, 140, 5, 0, 22.03%, 0, 0, 9, 119.11, 169200, 384, 0, 0
1169, 6, 33, 140, 5, 0, 22.03%, 0, 0, 9, 140.66, 169922, 384, 0, 0
1174, 6, 35, 140, 5, 0, 22.03%, 0, 0, 9, 147.99, 170653, 384, 0, 0
1179, 6, 93, 140, 5, 0, 22.03%, 0, 0, 9, 142.03, 171338, 384, 0, 0
1185, 6, 53, 140, 5, 0, 22.03%, 0, 0, 9, 134.46, 172056, 384, 0, 0
1190, 6, 38, 140, 5, 0, 22.03%, 0, 0, 9, 139.02, 172821, 384, 0, 0
1195, 6, 27, 140, 5, 0, 22.03%, 0, 0, 9, 151.95, 173616, 384, 0, 0
1200, 6, 109, 140, 5, 0, 22.03%, 0, 0, 9, 162.27, 174392, 384, 0, 0
1205, 6, 120, 140, 5, 0, 22.03%, 0, 0, 9, 133.86, 175029, 384, 0, 0
1210, 6, 116, 140, 4, 0, 22.03%, 0, 0, 9, 118.85, 175692, 384, 0, 0
1215, 6, 35, 140, 4, 0, 22.03%, 0, 0, 9, 134.53, 176429, 384, 0, 0
1220, 6, 63, 140, 3, 0, 22.03%, 0, 0, 9, 153.30, 177184, 384, 0, 0
1225, 6, 67, 141, 4, 0, 22.03%, 0, 0, 9, 171.21, 177987, 384, 0, 0
1231, 6, 27, 141, 3, 0, 22.03%, 0, 0, 9, 125.08, 178560, 384, 0, 0
1236, 6, 140, 141, 3, 0, 22.03%, 0, 0, 9, 134.80, 179312, 384, 0, 0
1241, 6, 79, 141, 3, 0, 22.03%, 0, 0, 9, 129.05, 180014, 384, 0, 0
1246, 6, 78, 141, 3, 0, 22.03%, 0, 0, 9, 154.19, 180743, 384, 0, 0
1251, 6, 69, 141, 3, 0, 22.03%, 0, 0, 9, 140.36, 181423, 384, 0, 0
1256, 6, 53, 141, 3, 0, 22.03%, 0, 0, 9, 135.42, 182163, 384, 0, 0
1261, 6, 36, 141, 3, 0, 22.03%, 0, 0, 9, 139.65, 182940, 384, 0, 0
1266, 6, 25, 141, 3, 0, 22.03%, 0, 0, 9, 150.89, 183724, 384, 0, 0
1272, 6, 140, 141, 3, 0, 22.03%, 0, 0, 9, 155.31, 184419, 384, 0, 0
1277, 6, 140, 141, 3, 0, 22.03%, 0, 0, 9, 130.29, 185075, 384, 0, 0
1282, 6, 140, 142, 4, 0, 22.03%, 0, 0, 9, 137.62, 185837, 384, 0, 0
1287, 6, 90, 142, 4, 0, 22.03%, 0, 0, 9, 148.69, 186637, 384, 0, 0
1292, 6, 36, 142, 4, 0, 22.03%, 0, 0, 9, 154.54, 187405, 384, 0, 0
1297, 7, 33, 142, 4, 0, 22.03%, 0, 0, 9, 171.77, 188198, 384, 0, 0
1302, 7, 141, 142, 4, 0, 22.03%, 0, 0, 9, 131.16, 188805, 384, 0, 0
1307, 7, 112, 142, 3, 0, 22.03%, 0, 0, 9, 139.65, 189589, 384, 0, 0
1312, 7, 70, 142, 3, 0, 22.03%, 0, 0, 9, 137.44, 190324, 384, 0, 0
1317, 7, 34, 142, 3, 0, 22.03%, 0, 0, 9, 148.36, 191020, 384, 0, 0
1322, 7, 95, 142, 3, 0, 22.03%, 0, 0, 9, 138.11, 191702, 384, 0, 0
1327, 7, 91, 142, 3, 0, 22.03%, 0, 0, 9, 125.86, 192403, 384, 0, 0
1333, 7, 68, 142, 3, 0, 22.03%, 0, 0, 9, 127.18, 193099, 384, 0, 0
1338, 7, 10, 142, 3, 0, 22.03%, 0, 0, 9, 133.00, 193760, 384, 0, 0
1343, 7, 7, 142, 3, 0, 22.03%, 0, 0, 9, 149.43, 194463, 384, 0, 0
1348, 7, 141, 142, 3, 0, 22.03%, 0, 0, 9, 101.06, 194930, 384, 0, 0
1353, 7, 35, 142, 3, 0, 22.03%, 0, 0, 9, 105.63, 195546, 384, 0, 0
1358, 7, 38, 142, 3, 0, 22.03%, 0, 0, 9, 125.71, 196214, 384, 0, 0
1363, 7, 109, 142, 3, 0, 22.03%, 0, 0, 9, 146.68, 196944, 384, 0, 0
1368, 7, 140, 142, 3, 0, 22.03%, 0, 0, 9, 130.97, 197516, 384, 0, 0
1373, 7, 33, 142, 3, 0, 22.03%, 0, 0, 9, 121.18, 198166, 384, 0, 0
1379, 7, 33, 142, 3, 0, 22.03%, 0, 0, 9, 123.63, 198844, 384, 0, 0
1384, 7, 120, 142, 3, 0, 22.03%, 0, 0, 9, 132.59, 199549, 384, 0, 0
1389, 7, 22, 142, 3, 0, 22.03%, 0, 0, 9, 143.98, 200235, 384, 0, 0
1394, 7, 87, 142, 3, 0, 22.03%, 0, 0, 9, 104.64, 200720, 384, 0, 0
1399, 7, 53, 142, 2, 0, 22.03%, 0, 0, 9, 114.26, 201394, 384, 0, 0
1404, 7, 116, 142, 2, 0, 22.03%, 0, 0, 9, 121.58, 202054, 384, 0, 0
1409, 7, 114, 142, 2, 0, 22.03%, 0, 0, 9, 132.15, 202761, 384, 0, 0
1414, 7, 114, 142, 2, 0, 22.03%, 0, 0, 9, 147.87, 203402, 384, 0, 0
1419, 7, 78, 142, 2, 0, 22.03%, 0, 0, 9, 110.24, 203913, 384, 0, 0
1425, 7, 101, 142, 2, 0, 22.03%, 0, 0, 9, 121.00, 204601, 384, 0, 0
1430, 7, 62, 142, 2, 0, 22.03%, 0, 0, 9, 125.16, 205288, 384, 0, 0
1435, 7, 27, 142, 2, 0, 22.03%, 0, 0, 9, 140.70, 205991, 384, 0, 0
1440, 7, 33, 142, 2, 0, 22.03%, 0, 0, 9, 141.70, 206622, 384, 0, 0
1445, 7, 141, 142, 2, 0, 22.03%, 0, 0, 9, 122.06, 207259, 384, 0, 0
1450, 7, 95, 142, 2, 0, 22.03%, 0, 0, 9, 122.28, 207928, 384, 0, 0
1455, 7, 141, 142, 2, 0, 22.03%, 0, 0, 9, 126.46, 208557, 384, 0, 0
1460, 7, 79, 142, 1, 0, 22.03%, 0, 0, 9, 149.29, 209262, 384, 0, 0
1465, 7, 125, 142, 1, 0, 22.03%, 0, 0, 9, 108.10, 209749, 384, 0, 0
1470, 8, 79, 142, 1, 0, 22.03%, 0, 0, 9, 106.48, 210365, 384, 0, 0
1476, 8, 68, 142, 1, 0, 22.03%, 0, 0, 9, 121.98, 211045, 384, 0, 0
1481, 8, 22, 142, 1, 0, 22.03%, 0, 0, 9, 139.17, 211761, 384, 0, 0
1486, 8, 95, 142, 1, 0, 22.03%, 0, 0, 9, 142.80, 212388, 384, 0, 0
1491, 8, 95, 142, 1, 0, 22.03%, 0, 0, 9, 113.03, 212924, 384, 0, 0
1496, 8, 108, 142, 1, 0, 22.03%, 0, 0, 9, 110.21, 213559, 384, 0, 0
1501, 8, 108, 142, 1, 0, 22.03%, 0, 0, 9, 121.81, 214201, 384, 0, 0
1506, 8, 95, 142, 1, 0, 22.03%, 0, 0, 9, 141.58, 214869, 384, 0, 0
1511, 8, 113, 142, 1, 0, 22.03%, 0, 0, 9, 118.14, 215432, 384, 0, 0
1516, 8, 140, 142, 1, 0, 22.03%, 0, 0, 9, 117.16, 216096, 384, 0, 0
1522, 8, 35, 142, 1, 0, 22.03%, 0, 0, 9, 111.70, 216721, 384, 0, 0
1527, 8, 140, 142, 1, 0, 22.03%, 0, 0, 9, 121.81, 217339, 384, 0, 0
1532, 8, 78, 142, 1, 0, 22.03%, 0, 0, 9, 149.59, 218006, 384, 0, 0
1537, 8, 53, 142, 1, 0, 22.03%, 0, 0, 9, 114.25, 218544, 384, 0, 0
1542, 8, 95, 142, 1, 0, 22.03%, 0, 0, 9, 120.85, 219230, 384, 0, 0
1547, 8, 35, 142, 1, 0, 22.03%, 0, 0, 9, 140.57, 219992, 384, 0, 0
1552, 8, 113, 142, 1, 0, 22.03%, 0, 0, 9, 140.60, 220680, 384, 0, 0
1557, 8, 140, 142, 1, 0, 22.03%, 0, 0, 9, 145.16, 221342, 384, 0, 0
1562, 8, 27, 142, 1, 0, 22.03%, 0, 0, 9, 110.50, 221885, 384, 0, 0
1567, 8, 116, 142, 1, 0, 22.03%, 0, 0, 9, 105.43, 222461, 384, 0, 0
1572, 8, 33, 142, 1, 0, 22.03%, 0, 0, 9, 120.75, 223086, 384, 0, 0
1577, 8, 95, 142, 1, 0, 22.03%, 0, 0, 9, 150.46, 223801, 384, 0, 0
1583, 8, 116, 142, 1, 0, 22.03%, 0, 0, 9, 117.82, 224375, 384, 0, 0
1588, 8, 33, 142, 1, 0, 22.03%, 0, 0, 9, 107.82, 224977, 384, 0, 0
1593, 8, 35, 142, 1, 0, 22.03%, 0, 0, 9, 110.39, 225571, 384, 0, 0
1598, 8, 116, 142, 1, 0, 22.03%, 0, 0, 9, 128.64, 226192, 384, 0, 0
1603, 8, 125, 142, 1, 0, 22.03%, 0, 0, 9, 148.54, 226865, 384, 0, 0
1608, 8, 62, 142, 1, 0, 22.03%, 0, 0, 9, 115.06, 227418, 384, 0, 0
1613, 8, 68, 142, 1, 0, 22.03%, 0, 0, 9, 120.40, 228103, 384, 0, 0
1618, 8, 38, 142, 1, 0, 22.03%, 0, 0, 9, 124.00, 228789, 384, 0, 0
1624, 8, 63, 142, 1, 0, 22.03%, 0, 0, 9, 132.22, 229424, 384, 0, 0
1629, 8, 10, 142, 1, 0, 22.03%, 0, 0, 9, 135.13, 230025, 384, 0, 0
1634, 8, 115, 142, 1, 0, 22.03%, 0, 0, 9, 119.12, 230637, 384, 0, 0
1639, 8, 114, 142, 1, 0, 22.03%, 0, 0, 9, 121.71, 231258, 384, 0, 0
1644, 8, 113, 142, 1, 0, 22.03%, 0, 0, 9, 131.16, 231953, 384, 0, 0
1649, 9, 35, 142, 1, 0, 22.03%, 0, 0, 9, 157.81, 232681, 384, 0, 0
1654, 9, 116, 142, 1, 0, 22.03%, 0, 0, 9, 109.75, 233197, 384, 0, 0
1659, 9, 112, 142, 1, 0, 22.03%, 0, 0, 9, 104.19, 233778, 384, 0, 0
1664, 9, 125, 142, 1, 0, 22.03%, 0, 0, 9, 124.76, 234465, 384, 0, 0
1669, 9, 140, 142, 1, 0, 22.03%, 0, 0, 9, 143.77, 235198, 384, 0, 0
1674, 9, 95, 142, 1, 0, 22.03%, 0, 0, 9, 153.32, 235856, 384, 0, 0
1680, 9, 140, 142, 1, 0, 22.03%, 0, 0, 9, 112.70, 236394, 384, 0, 0
1685, 9, 29, 142, 1, 0, 22.03%, 0, 0, 9, 122.24, 237078, 384, 0, 0
1690, 9, 78, 142, 1, 0, 22.03%, 0, 0, 9, 133.79, 237773, 384, 0, 0
1695, 9, 30, 142, 1, 0, 22.03%, 0, 0, 9, 152.17, 238495, 384, 0, 0
1700, 9, 34, 142, 1, 0, 22.03%, 0, 0, 9, 117.73, 239046, 384, 0, 0
1705, 9, 68, 142, 1, 0, 22.03%, 0, 0, 9, 111.40, 239668, 384, 0, 0
1710, 9, 68, 142, 1, 0, 22.03%, 0, 0, 9, 116.36, 240333, 384, 0, 0
1715, 9, 114, 142, 1, 0, 22.03%, 0, 0, 9, 135.79, 241027, 384, 0, 0
1720, 9, 116, 142, 1, 0, 22.03%, 0, 0, 9, 158.42, 241717, 384, 0, 0
1725, 9, 79, 142, 1, 0, 22.03%, 0, 0, 9, 107.52, 242197, 384, 0, 0
1730, 9, 120, 142, 1, 0, 22.03%, 0, 0, 9, 127.97, 242953, 384, 0, 0
1736, 9, 93, 142, 1, 0, 22.03%, 0, 0, 9, 133.34, 243672, 384, 0, 0
1741, 9, 120, 142, 1, 0, 22.03%, 0, 0, 9, 147.66, 244397, 384, 0, 0
1746, 9, 35, 142, 1, 0, 22.03%, 0, 0, 9, 144.06, 245059, 384, 0, 0
1751, 9, 101, 142, 1, 0, 22.03%, 0, 0, 9, 127.46, 245724, 384, 0, 0
1756, 9, 35, 142, 1, 0, 22.03%, 0, 0, 9, 122.23, 246378, 384, 0, 0
1761, 9, 79, 142, 1, 0, 22.03%, 0, 0, 9, 136.89, 247081, 384, 0, 0
1766, 9, 95, 142, 1, 0, 22.03%, 0, 0, 9, 148.68, 247778, 384, 0, 0
1771, 9, 115, 142, 1, 0, 22.03%, 0, 0, 9, 106.02, 248278, 384, 0, 0
1776, 9, 121, 142, 1, 0, 22.03%, 0, 0, 9, 124.52, 249005, 384, 0, 0
1781, 9, 120, 142, 1, 0, 22.03%, 0, 0, 9, 118.41, 249641, 384, 0, 0
1786, 9, 141, 142, 1, 0, 22.03%, 0, 0, 9, 130.88, 250266, 384, 0, 0
1791, 9, 33, 142, 1, 0, 22.03%, 0, 0, 9, 134.08, 250850, 384, 0, 0
1796, 9, 113, 142, 1, 0, 22.03%, 0, 0, 9, 120.60, 251506, 384, 0, 0
1802, 9, 33, 142, 1, 0, 22.03%, 0, 0, 9, 124.89, 252195, 384, 0, 0
1807, 9, 113, 142, 1, 0, 22.03%, 0, 0, 9, 136.67, 252907, 384, 0, 0
1812, 9, 69, 142, 1, 0, 22.03%, 0, 0, 9, 152.28, 253635, 384, 0, 0
1817, 10, 33, 142, 1, 0, 22.03%, 0, 0, 9, 115.13, 254182, 384, 0, 0
1822, 10, 100, 142, 1, 0, 22.03%, 0, 0, 9, 108.61, 254769, 384, 0, 0
1827, 10, 122, 142, 1, 0, 22.03%, 0, 0, 9, 122.90, 255456, 384, 0, 0
1832, 10, 90, 142, 1, 0, 22.03%, 0, 0, 9, 145.47, 256214, 384, 0, 0
1837, 10, 112, 142, 1, 0, 22.03%, 0, 0, 9, 152.47, 256893, 384, 0, 0
1842, 10, 53, 142, 1, 0, 22.03%, 0, 0, 9, 122.15, 257457, 384, 0, 0
1847, 10, 29, 142, 1, 0, 22.03%, 0, 0, 9, 123.37, 258151, 384, 0, 0
1852, 10, 27, 142, 1, 0, 22.03%, 0, 0, 9, 116.14, 258743, 384, 0, 0
1858, 10, 113, 142, 1, 0, 22.03%, 0, 0, 9, 135.46, 259380, 384, 0, 0
1863, 10, 34, 142, 1, 0, 22.03%, 0, 0, 9, 106.37, 259859, 384, 0, 0
1868, 10, 114, 142, 1, 0, 22.03%, 0, 0, 9, 104.45, 260461, 384, 0, 0
1873, 10, 120, 142, 1, 0, 22.03%, 0, 0, 9, 115.82, 261099, 384, 0, 0
1878, 10, 34, 142, 1, 0, 22.03%, 0, 0, 9, 126.64, 261742, 384, 0, 0
1883, 10, 33, 142, 1, 0, 22.03%, 0, 0, 9, 150.71, 262448, 384, 0, 0
1888, 10, 114, 142, 1, 0, 22.03%, 0, 0, 9, 116.28, 262974, 384, 0, 0
1893, 10, 34, 142, 1, 0, 22.03%, 0, 0, 9, 128.93, 263709, 384, 0, 0
1898, 10, 53, 142, 1, 0, 22.03%, 0, 0, 9, 126.44, 264375, 384, 0, 0
1903, 10, 131, 142, 1, 0, 22.03%, 0, 0, 9, 143.17, 265025, 384, 0, 0
1908, 10, 93, 142, 1, 0, 22.03%, 0, 0, 9, 122.30, 265609, 384, 0, 0
1913, 10, 1, 142, 1, 0, 22.03%, 0, 0, 9, 102.72, 266179, 384, 0, 0
1918, 10, 35, 142, 1, 0, 22.03%, 0, 0, 9, 99.48, 266708, 384, 0, 0
1924, 10, 113, 142, 1, 0, 22.03%, 0, 0, 9, 123.44, 267356, 384, 0, 0
1929, 10, 93, 142, 1, 0, 22.03%, 0, 0, 9, 143.93, 268036, 384, 0, 0
1934, 10, 125, 142, 1, 0, 22.03%, 0, 0, 9, 121.41, 268640, 384, 0, 0
1939, 10, 114, 142, 1, 0, 22.03%, 0, 0, 9, 128.09, 269366, 384, 0, 0
1944, 10, 140, 142, 1, 0, 22.03%, 0, 0, 9, 151.22, 270198, 384, 0, 0
1949, 10, 38, 142, 1, 0, 22.03%, 0, 0, 9, 141.00, 270890, 384, 0, 0
1954, 10, 53, 142, 1, 0, 22.03%, 0, 0, 9, 159.64, 271626, 384, 0, 0
1959, 10, 114, 142, 1, 0, 22.03%, 0, 0, 9, 120.09, 272154, 384, 0, 0
1965, 10, 140, 142, 1, 0, 22.03%, 0, 0, 9, 139.62, 272953, 384, 0, 0
1970, 10, 34, 142, 1, 0, 22.03%, 0, 0, 9, 159.33, 273807, 384, 0, 0
1975, 10, 125, 142, 1, 0, 22.03%, 0, 0, 9, 168.52, 274668, 384, 0, 0
1980, 10, 125, 142, 1, 0, 22.03%, 0, 0, 9, 175.53, 275475, 384, 0, 0
1985, 11, 69, 142, 1, 0, 22.03%, 0, 0, 9, 141.21, 276168, 384, 0, 0
1990, 11, 95, 142, 1, 0, 22.03%, 0, 0, 9, 146.28, 276959, 384, 0, 0
1996, 11, 38, 142, 1, 0, 22.03%, 0, 0, 9, 153.36, 277772, 384, 0, 0
2001, 11, 35, 142, 1, 0, 22.03%, 0, 0, 9, 162.05, 278571, 384, 0, 0
2006, 11, 38, 142, 1, 0, 22.03%, 0, 0, 9, 125.35, 279132, 384, 0, 0
2011, 11, 116, 142, 1, 0, 22.03%, 0, 0, 9, 132.57, 279906, 384, 0, 0
2016, 11, 114, 142, 1, 0, 22.03%, 0, 0, 9, 117.64, 280540, 384, 0, 0
2021, 11, 27, 142, 1, 0, 22.03%, 0, 0, 9, 142.72, 281293, 384, 0, 0
2026, 11, 93, 142, 1, 0, 22.03%, 0, 0, 9, 163.83, 282103, 384, 0, 0
2031, 11, 79, 142, 1, 0, 22.03%, 0, 0, 9, 137.49, 282754, 384, 0, 0
2036, 11, 27, 142, 1, 0, 22.03%, 0, 0, 9, 136.20, 283505, 384, 0, 0
2042, 11, 38, 142, 1, 0, 22.03%, 0, 0, 9, 129.82, 284172, 384, 0, 0
2047, 11, 29, 142, 1, 0, 22.03%, 0, 0, 9, 147.85, 284922, 384, 0, 0
2052, 11, 114, 142, 1, 0, 22.03%, 0, 0, 9, 159.11, 285662, 384, 0, 0
2057, 11, 68, 142, 1, 0, 22.03%, 0, 0, 9, 132.64, 286285, 384, 0, 0
2062, 11, 53, 142, 0, 0, 22.03%, 0, 0, 9, 140.46, 287053, 384, 0, 0
2067, 11, 112, 142, 0, 0, 22.03%, 0, 0, 9, 148.21, 287820, 384, 0, 0
2072, 11, 140, 142, 0, 0, 22.03%, 0, 0, 9, 162.08, 288546, 384, 0, 0
2077, 11, 114, 142, 0, 0, 22.03%, 0, 0, 9, 109.88, 289049, 384, 0, 0
2082, 11, 69, 142, 0, 0, 22.03%, 0, 0, 9, 131.50, 289783, 384, 0, 0
2087, 11, 76, 142, 0, 0, 22.03%, 0, 0, 9, 131.01, 290499, 384, 0, 0
2093, 11, 101, 142, 0, 0, 22.03%, 0, 0, 9, 150.19, 291276, 384, 0, 0
2098, 11, 76, 142, 0, 0, 22.03%, 0, 0, 9, 164.21, 292035, 384, 0, 0
2103, 11, 78, 142, 0, 0, 22.03%, 0, 0, 9, 139.62, 292678, 384, 0, 0
2108, 11, 114, 142, 0, 0, 22.03%, 0, 0, 9, 135.34, 293436, 384, 0, 0
2113, 11, 125, 142, 0, 0, 22.03%, 0, 0, 9, 141.27, 294171, 384, 0, 0
2118, 11, 116, 142, 0, 0, 22.03%, 0, 0, 9, 146.18, 294843, 384, 0, 0
2123, 11, 78, 142, 0, 0, 22.03%, 0, 0, 9, 152.27, 295586, 384, 0, 0
2128, 11, 116, 142, 0, 0, 22.03%, 0, 0, 9, 132.15, 296280, 384, 0, 0
2133, 11, 34, 142, 0, 0, 22.03%, 0, 0, 9, 124.44, 296965, 384, 0, 0
2139, 11, 125, 142, 0, 0, 22.03%, 0, 0, 9, 142.66, 297718, 384, 0, 0
2144, 11, 116, 142, 0, 0, 22.03%, 0, 0, 9, 159.88, 298470, 384, 0, 0
2149, 12, 125, 142, 0, 0, 22.03%, 0, 0, 9, 129.77, 299097, 384, 0, 0
2154, 12, 69, 142, 0, 0, 22.03%, 0, 0, 9, 137.04, 299880, 384, 0, 0
2159, 12, 34, 142, 0, 0, 22.03%, 0, 0, 9, 140.42, 300622, 384, 0, 0
2164, 12, 108, 142, 0, 0, 22.03%, 0, 0, 9, 148.87, 301391, 384, 0, 0
2169, 12, 104, 142, 0, 0, 22.03%, 0, 0, 9, 163.23, 302166, 384, 0, 0
2174, 12, 95, 142, 0, 0, 22.03%, 0, 0, 9, 127.52, 302783, 384, 0, 0
2180, 12, 38, 142, 0, 0, 22.03%, 0, 0, 9, 133.03, 303544, 384, 0, 0
2185, 12, 125, 142, 0, 0, 22.03%, 0, 0, 9, 143.77, 304299, 384, 0, 0
2190, 12, 36, 142, 0, 0, 22.03%, 0, 0, 9, 147.16, 305043, 384, 0, 0
2195, 12, 95, 142, 0, 0, 22.03%, 0, 0, 9, 164.84, 305821, 384, 0, 0
2200, 12, 79, 142, 0, 0, 22.03%, 0, 0, 9, 131.31, 306448, 384, 0, 0
2205, 12, 95, 142, 0, 0, 22.03%, 0, 0, 9, 130.25, 307136, 384, 0, 0
2210, 12, 108, 142, 0, 0, 22.03%, 0, 0, 9, 140.56, 307878, 384, 0, 0
2215, 12, 53, 142, 0, 0, 22.03%, 0, 0, 9, 163.73, 308679, 384, 0, 0
2220, 12, 38, 142, 0, 0, 22.03%, 0, 0, 9, 132.32, 309334, 384, 0, 0
2225, 12, 69, 142, 0, 0, 22.03%, 0, 0, 9, 136.16, 310118, 384, 0, 0
2230, 12, 109, 142, 0, 0, 22.03%, 0, 0, 9, 121.90, 310753, 384, 0, 0
2235, 12, 38, 142, 0, 0, 22.03%, 0, 0, 9, 152.63, 311518, 384, 0, 0
2241, 12, 112, 142, 0, 0, 22.03%, 0, 0, 9, 165.17, 312292, 384, 0, 0
2246, 12, 115, 142, 0, 0, 22.03%, 0, 0, 9, 137.99, 312966, 384, 0, 0
2251, 12, 125, 142, 0, 0, 22.03%, 0, 0, 9, 136.99, 313735, 384, 0, 0
2256, 12, 35, 142, 0, 0, 22.03%, 0, 0, 9, 144.03, 314500, 384, 0, 0
2261, 12, 29, 142, 0, 0, 22.03%, 0, 0, 9, 143.65, 315188, 384, 0, 0
2266, 12, 68, 142, 0, 0, 22.03%, 0, 0, 9, 152.60, 315917, 384, 0, 0
2271, 12, 140, 142, 0, 0, 22.03%, 0, 0, 9, 135.29, 316597, 384, 0, 0
2276, 12, 78, 142, 0, 0, 22.03%, 0, 0, 9, 127.47, 317255, 384, 0, 0
2282, 12, 125, 142, 0, 0, 22.03%, 0, 0, 9, 137.00, 318006, 384, 0, 0
2287, 12, 48, 142, 0, 0, 22.03%, 0, 0, 9, 164.61, 318809, 384, 0, 0
2292, 12, 35, 142, 0, 0, 22.03%, 0, 0, 9, 132.82, 319443, 384, 0, 0
2297, 12, 36, 142, 0, 0, 22.03%, 0, 0, 9, 130.30, 320172, 384, 0, 0
2302, 12, 93, 142, 0, 0, 22.03%, 0, 0, 9, 142.59, 320940, 384, 0, 0
2307, 13, 79, 142, 0, 0, 22.03%, 0, 0, 9, 155.93, 321730, 384, 0, 0
2312, 13, 79, 142, 0, 0, 22.03%, 0, 0, 9, 171.39, 322526, 384, 0, 0
2317, 13, 38, 142, 0, 0, 22.03%, 0, 0, 9, 132.43, 323141, 384, 0, 0
2323, 13, 108, 142, 0, 0, 22.03%, 0, 0, 9, 117.20, 323807, 384, 0, 0
2328, 13, 34, 142, 0, 0, 22.03%, 0, 0, 9, 119.74, 324464, 384, 0, 0
2333, 13, 35, 142, 0, 0, 22.03%, 0, 0, 9, 152.99, 325243, 384, 0, 0
2338, 13, 53, 142, 0, 0, 22.03%, 0, 0, 9, 170.44, 326029, 384, 0, 0
2343, 13, 113, 142, 0, 0, 22.03%, 0, 0, 9, 137.61, 326682, 384, 0, 0
2348, 13, 69, 142, 0, 0, 22.03%, 0, 0, 9, 136.62, 327406, 384, 0, 0
2353, 13, 93, 142, 0, 0, 22.03%, 0, 0, 9, 144.46, 328140, 384, 0, 0
2358, 13, 80, 142, 0, 0, 22.03%, 0, 0, 9, 156.23, 328887, 384, 0, 0
2363, 13, 29, 142, 0, 0, 22.03%, 0, 0, 9, 122.52, 329481, 384, 0, 0
2368, 13, 113, 142, 0, 0, 22.03%, 0, 0, 9, 123.91, 330200, 384, 0, 0
2373, 13, 118, 142, 0, 0, 22.03%, 0, 0, 9, 141.44, 330988, 384, 0, 0
2379, 13, 108, 142, 0, 0, 22.03%, 0, 0, 9, 158.55, 331772, 384, 0, 0
2384, 13, 62, 142, 0, 0, 22.03%, 0, 0, 9, 165.14, 332543, 384, 0, 0
2389, 13, 69, 142, 0, 0, 22.03%, 0, 0, 9, 131.28, 333167, 384, 0, 0
2394, 13, 93, 142, 0, 0, 22.03%, 0, 0, 9, 137.31, 333947, 384, 0, 0
2399, 13, 108, 142, 0, 0, 22.03%, 0, 0, 9, 144.66, 334713, 384, 0, 0
2404, 13, 69, 142, 0, 0, 22.03%, 0, 0, 9, 158.99, 335516, 384, 0, 0
2410, 13, 140, 142, 0, 0, 22.03%, 0, 0, 9, 163.49, 336265, 384, 0, 0
2415, 13, 125, 142, 0, 0, 22.03%, 0, 0, 9, 130.94, 336882, 384, 0, 0
2420, 13, 125, 142, 0, 0, 22.03%, 0, 0, 9, 136.80, 337640, 384, 0, 0
2425, 13, 114, 142, 0, 0, 22.03%, 0, 0, 9, 154.07, 338458, 384, 0, 0
2430, 13, 68, 142, 0, 0, 22.03%, 0, 0, 9, 151.60, 339192, 384, 0, 0
2435, 13, 115, 142, 0, 0, 22.03%, 0, 0, 9, 119.69, 339781, 384, 0, 0
2440, 13, 116, 142, 0, 0, 22.03%, 0, 0, 9, 136.73, 340564, 384, 0, 0
2446, 13, 113, 142, 0, 0, 22.03%, 0, 0, 9, 142.07, 341359, 384, 0, 0
2451, 13, 78, 142, 0, 0, 22.03%, 0, 0, 9, 150.56, 342111, 384, 0, 0
2456, 14, 109, 142, 0, 0, 22.03%, 0, 0, 9, 168.24, 342907, 384, 0, 0
2461, 14, 27, 142, 0, 0, 22.03%, 0, 0, 9, 130.80, 343520, 384, 0, 0
2466, 14, 76, 142, 0, 0, 22.03%, 0, 0, 9, 137.94, 344312, 384, 0, 0
2471, 14, 109, 142, 0, 0, 22.03%, 0, 0, 9, 143.72, 345091, 384, 0, 0
2476, 14, 53, 142, 0, 0, 22.03%, 0, 0, 9, 155.41, 345883, 384, 0, 0
2481, 14, 132, 142, 0, 0, 22.03%, 0, 0, 9, 164.49, 346661, 384, 0, 0
2487, 14, 93, 142, 0, 0, 22.03%, 0, 0, 9, 125.06, 347266, 384, 0, 0
2492, 14, 95, 142, 0, 0, 22.03%, 0, 0, 9, 136.55, 348027, 384, 0, 0
2497, 14, 67, 142, 0, 0, 22.03%, 0, 0, 9, 139.83, 348755, 384, 0, 0
2502, 14, 27, 142, 0, 0, 22.03%, 0, 0, 9, 155.18, 349511, 384, 0, 0
2507, 14, 36, 142, 0, 0, 22.03%, 0, 0, 9, 140.93, 350161, 384, 0, 0
2512, 14, 78, 142, 0, 0, 22.03%, 0, 0, 9, 131.14, 350862, 384, 0, 0
2517, 14, 35, 142, 0, 0, 22.03%, 0, 0, 9, 136.41, 351631, 384, 0, 0
2522, 14, 115, 142, 0, 0, 22.03%, 0, 0, 9, 134.74, 352280, 384, 0, 0
2527, 14, 108, 142, 0, 0, 22.03%, 0, 0, 9, 157.88, 353021, 384, 0, 0
2533, 14, 116, 142, 0, 0, 22.03%, 0, 0, 9, 130.96, 353657, 384, 0, 0
2538, 14, 27, 142, 0, 0, 22.03%, 0, 0, 9, 135.45, 354405, 384, 0, 0
2543, 14, 95, 142, 0, 0, 22.03%, 0, 0, 9, 144.24, 355201, 384, 0, 0
2548, 14, 109, 142, 0, 0, 22.03%, 0, 0, 9, 147.55, 355924, 384, 0, 0
2553, 14, 55, 142, 0, 0, 22.03%, 0, 0, 9, 176.00, 356743, 384, 0, 0
2558, 14, 95, 142, 0, 0, 22.03%, 0, 0, 9, 137.42, 357382, 384, 0, 0
2563, 14, 78, 142, 0, 0, 22.03%, 0, 0, 9, 140.24, 358134, 384, 0, 0
2568, 14, 62, 142, 0, 0, 22.03%, 0, 0, 9, 145.73, 358897, 384, 0, 0
2573, 14, 27, 142, 0, 0, 22.03%, 0, 0, 9, 158.58, 359663, 384, 0, 0
2578, 14, 95, 142, 0, 0, 22.03%, 0, 0, 9, 140.84, 360310, 384, 0, 0
2584, 14, 120, 142, 0, 0, 22.03%, 0, 0, 9, 131.36, 361046, 384, 0, 0
2589, 14, 103, 142, 0, 0, 22.03%, 0, 0, 9, 126.47, 361736, 384, 0, 0
2594, 14, 141, 142, 0, 0, 22.03%, 0, 0, 9, 148.90, 362520, 384, 0, 0
2599, 14, 38, 142, 0, 0, 22.03%, 0, 0, 9, 157.37, 363268, 384, 0, 0
2604, 15, 116, 142, 0, 0, 22.03%, 0, 0, 9, 133.25, 363929, 384, 0, 0
2609, 15, 125, 142, 0, 0, 22.03%, 0, 0, 9, 132.75, 364695, 384, 0, 0
2615, 15, 55, 142, 0, 0, 22.03%, 0, 0, 9, 140.97, 365472, 384, 0, 0
2620, 15, 108, 142, 0, 0, 22.03%, 0, 0, 9, 145.53, 366224, 384, 0, 0
2625, 15, 113, 142, 0, 0, 22.03%, 0, 0, 9, 162.76, 366997, 384, 0, 0
2630, 15, 120, 142, 0, 0, 22.03%, 0, 0, 9, 132.32, 367631, 384, 0, 0
2635, 15, 34, 142, 0, 0, 22.03%, 0, 0, 9, 141.67, 368465, 384, 0, 0
2640, 15, 69, 142, 0, 0, 22.03%, 0, 0, 9, 144.03, 369237, 384, 0, 0
2646, 15, 112, 142, 0, 0, 22.03%, 0, 0, 9, 153.44, 370030, 384, 0, 0
2651, 15, 10, 142, 0, 0, 22.03%, 0, 0, 9, 181.79, 370907, 384, 0, 0
2656, 15, 108, 142, 0, 0, 22.03%, 0, 0, 9, 146.98, 371606, 384, 0, 0
2661, 15, 125, 142, 0, 0, 22.03%, 0, 0, 9, 153.92, 372440, 384, 0, 0
2666, 15, 78, 142, 0, 0, 22.03%, 0, 0, 9, 165.22, 373307, 384, 0, 0
2671, 15, 95, 142, 0, 0, 22.03%, 0, 0, 9, 178.68, 374196, 384, 0, 0
2676, 15, 113, 142, 0, 0, 22.03%, 0, 0, 9, 167.61, 374970, 384, 0, 0
2681, 15, 120, 142, 0, 0, 22.03%, 0, 0, 9, 149.45, 375736, 384, 0, 0
2686, 15, 113, 142, 0, 0, 22.03%, 0, 0, 9, 155.87, 376571, 384, 0, 0
2691, 15, 36, 142, 0, 0, 22.03%, 0, 0, 9, 169.53, 377460, 384, 0, 0
2696, 15, 93, 142, 0, 0, 22.03%, 0, 0, 9, 186.44, 378324, 384, 0, 0
2702, 15, 55, 142, 0, 0, 22.03%, 0, 0, 9, 153.56, 379079, 384, 0, 0
2707, 15, 125, 142, 0, 0, 22.03%, 0, 0, 9, 163.67, 379979, 384, 0, 0
2712, 15, 62, 142, 0, 0, 22.03%, 0, 0, 9, 171.26, 380897, 384, 0, 0
2717, 15, 95, 142, 0, 0, 22.03%, 0, 0, 9, 188.49, 381826, 384, 0, 0
2722, 15, 114, 142, 0, 0, 22.03%, 0, 0, 9, 188.36, 382692, 384, 0, 0
2727, 15, 36, 142, 0, 0, 22.03%, 0, 0, 9, 167.41, 383547, 384, 0, 0
2732, 16, 108, 142, 0, 0, 22.03%, 0, 0, 9, 170.45, 384453, 384, 0, 0
2737, 16, 140, 142, 0, 0, 22.03%, 0, 0, 9, 181.43, 385372, 384, 0, 0
2742, 16, 100, 142, 0, 0, 22.03%, 0, 0, 9, 194.48, 386285, 384, 0, 0
2747, 16, 68, 142, 0, 0, 22.03%, 0, 0, 9, 163.53, 387073, 384, 0, 0
2752, 16, 35, 142, 0, 0, 22.03%, 0, 0, 9, 172.64, 388021, 384, 0, 0
2757, 16, 116, 142, 0, 0, 22.03%, 0, 0, 9, 178.06, 388975, 384, 0, 0
2762, 16, 35, 142, 0, 0, 22.03%, 0, 0, 9, 188.45, 389929, 384, 0, 0
2767, 16, 115, 142, 0, 0, 22.03%, 0, 0, 9, 185.06, 390770, 384, 0, 0
2773, 16, 140, 142, 0, 0, 22.03%, 0, 0, 9, 155.91, 391551, 384, 0, 0
2778, 16, 79, 142, 0, 0, 22.03%, 0, 0, 9, 165.14, 392459, 384, 0, 0
2783, 16, 20, 142, 0, 0, 22.03%, 0, 0, 9, 177.80, 393416, 384, 0, 0
2788, 16, 78, 142, 0, 0, 22.03%, 0, 0, 9, 183.99, 394306, 384, 0, 0
2793, 16, 141, 142, 0, 0, 22.03%, 0, 0, 9, 167.70, 395115, 384, 0, 0
2798, 16, 35, 142, 0, 0, 22.03%, 0, 0, 9, 165.50, 396024, 384, 0, 0
2803, 16, 69, 142, 0, 0, 22.03%, 0, 0, 9, 205.89, 397148, 384, 0, 0
2808, 16, 78, 142, 0, 0, 22.03%, 0, 0, 9, 221.13, 398292, 384, 0, 0
2813, 16, 112, 142, 0, 0, 22.03%, 0, 0, 9, 208.89, 399245, 384, 0, 0
2818, 16, 33, 142, 0, 0, 22.03%, 0, 0, 9, 168.28, 400038, 384, 0, 0
2824, 16, 69, 142, 0, 0, 22.03%, 0, 0, 9, 171.95, 401004, 384, 0, 0
2829, 16, 69, 142, 0, 0, 22.03%, 0, 0, 9, 176.88, 401915, 384, 0, 0
2834, 16, 78, 142, 0, 0, 22.03%, 0, 0, 9, 190.77, 402880, 384, 0, 0
2839, 16, 25, 142, 0, 0, 22.03%, 0, 0, 9, 185.60, 403737, 384, 0, 0
2844, 16, 95, 142, 0, 0, 22.03%, 0, 0, 9, 167.67, 404606, 384, 0, 0
2849, 16, 78, 142, 0, 0, 22.03%, 0, 0, 9, 173.64, 405565, 384, 0, 0
2854, 17, 114, 142, 0, 0, 22.03%, 0, 0, 9, 180.90, 406476, 384, 0, 0
2859, 17, 69, 142, 0, 0, 22.03%, 0, 0, 9, 195.67, 407419, 384, 0, 0
2864, 17, 38, 142, 0, 0, 22.03%, 0, 0, 9, 168.66, 408248, 384, 0, 0
2869, 17, 125, 142, 0, 0, 22.03%, 0, 0, 9, 168.78, 409160, 384, 0, 0
2874, 17, 101, 142, 0, 0, 22.03%, 0, 0, 9, 177.60, 410098, 384, 0, 0
2880, 17, 114, 142, 0, 0, 22.03%, 0, 0, 9, 186.02, 411049, 384, 0, 0
2885, 17, 114, 142, 0, 0, 22.03%, 0, 0, 9, 193.67, 411943, 384, 0, 0
2890, 17, 33, 142, 0, 0, 22.03%, 0, 0, 9, 166.24, 412754, 384, 0, 0
2895, 17, 7, 142, 0, 0, 22.03%, 0, 0, 9, 170.60, 413666, 384, 0, 0
2900, 17, 116, 142, 0, 0, 22.03%, 0, 0, 9, 178.21, 414578, 384, 0, 0
2905, 17, 35, 142, 0, 0, 22.03%, 0, 0, 9, 194.99, 415509, 384, 0, 0
2910, 17, 125, 142, 0, 0, 22.03%, 0, 0, 9, 163.20, 416300, 384, 0, 0
2915, 17, 120, 142, 0, 0, 22.03%, 0, 0, 9, 169.98, 417234, 384, 0, 0
2920, 17, 78, 142, 0, 0, 22.03%, 0, 0, 9, 175.64, 418142, 384, 0, 0
2925, 17, 38, 142, 0, 0, 22.03%, 0, 0, 9, 188.35, 419070, 384, 0, 0
2930, 17, 78, 142, 0, 0, 22.03%, 0, 0, 9, 187.92, 419943, 384, 0, 0
2935, 17, 125, 142, 0, 0, 22.03%, 0, 0, 9, 164.11, 420774, 384, 0, 0
2940, 17, 125, 142, 0, 0, 22.03%, 0, 0, 9, 171.35, 421699, 384, 0, 0
2945, 17, 62, 142, 0, 0, 22.03%, 0, 0, 9, 180.57, 422624, 384, 0, 0
2950, 17, 25, 142, 0, 0, 22.03%, 0, 0, 9, 193.99, 423537, 384, 0, 0
2955, 17, 125, 142, 0, 0, 22.03%, 0, 0, 9, 163.21, 424323, 384, 0, 0
2960, 17, 29, 142, 0, 0, 22.03%, 0, 0, 9, 167.94, 425244, 384, 0, 0
2965, 17, 116, 142, 0, 0, 22.03%, 0, 0, 9, 176.78, 426163, 384, 0, 0
2971, 17, 34, 142, 0, 0, 22.03%, 0, 0, 9, 188.12, 427092, 384, 0, 0
2976, 18, 10, 142, 0, 0, 22.03%, 0, 0, 9, 189.35, 427976, 384, 0, 0
2981, 18, 113, 142, 0, 0, 22.03%, 0, 0, 9, 165.60, 428804, 384, 0, 0
2986, 18, 62, 142, 0, 0, 22.03%, 0, 0, 9, 170.85, 429715, 384, 0, 0
2991, 18, 120, 142, 0, 0, 22.03%, 0, 0, 9, 179.48, 430628, 384, 0, 0
2996, 18, 8, 142, 0, 0, 22.03%, 0, 0, 9, 197.29, 431550, 384, 0, 0
3001, 18, 35, 142, 0, 0, 22.03%, 0, 0, 9, 186.39, 432436, 384, 0, 0
3006, 18, 68, 142, 0, 0, 22.03%, 0, 0, 9, 180.11, 433415, 384, 0, 0
3011, 18, 35, 142, 0, 0, 22.03%, 0, 0, 9, 183.64, 434362, 384, 0, 0
3016, 18, 27, 142, 0, 0, 22.03%, 0, 0, 9, 191.84, 435323, 384, 0, 0
3021, 18, 113, 142, 0, 0, 22.03%, 0, 0, 9, 182.29, 436169, 384, 0, 0
3026, 18, 114, 142, 0, 0, 22.03%, 0, 0, 9, 167.19, 437028, 384, 0, 0
3031, 18, 95, 142, 0, 0, 22.03%, 0, 0, 9, 173.00, 437978, 384, 0, 0
3036, 18, 35, 142, 0, 0, 22.03%, 0, 0, 9, 181.37, 438937, 384, 0, 0
3041, 18, 125, 142, 0, 0, 22.03%, 0, 0, 9, 189.45, 439840, 384, 0, 0
3047, 18, 116, 142, 0, 0, 22.03%, 0, 0, 9, 170.76, 440656, 384, 0, 0
3052, 18, 60, 142, 0, 0, 22.03%, 0, 0, 9, 170.63, 441594, 384, 0, 0
3057, 18, 79, 142, 0, 0, 22.03%, 0, 0, 9, 175.47, 442538, 384, 0, 0
3062, 18, 36, 142, 0, 0, 22.03%, 0, 0, 9, 185.70, 443454, 384, 0, 0
3067, 18, 34, 142, 0, 0, 22.03%, 0, 0, 9, 193.61, 444337, 384, 0, 0
3072, 18, 27, 142, 0, 0, 22.03%, 0, 0, 9, 168.10, 445167, 384, 0, 0
3077, 18, 114, 142, 0, 0, 22.03%, 0, 0, 9, 175.47, 446145, 384, 0, 0
3082, 18, 120, 142, 0, 0, 22.03%, 0, 0, 9, 179.47, 447092, 384, 0, 0
3087, 19, 79, 142, 0, 0, 22.03%, 0, 0, 9, 188.42, 447989, 384, 0, 0
3092, 19, 113, 142, 0, 0, 22.03%, 0, 0, 9, 164.00, 448783, 384, 0, 0
3097, 19, 113, 142, 0, 0, 22.03%, 0, 0, 9, 170.76, 449716, 384, 0, 0
3102, 19, 114, 142, 0, 0, 22.03%, 0, 0, 9, 179.32, 450648, 384, 0, 0
3108, 19, 136, 142, 0, 0, 22.03%, 0, 0, 9, 191.53, 451670, 384, 0, 0
3113, 19, 78, 142, 0, 0, 22.03%, 0, 0, 9, 193.79, 452567, 384, 0, 0
3118, 19, 109, 142, 0, 0, 22.03%, 0, 0, 9, 164.76, 453357, 384, 0, 0
3123, 19, 113, 142, 0, 0, 22.03%, 0, 0, 9, 174.89, 454326, 384, 0, 0
3128, 19, 120, 142, 0, 0, 22.03%, 0, 0, 9, 184.25, 455324, 384, 0, 0
3133, 19, 36, 142, 0, 0, 22.03%, 0, 0, 9, 196.87, 456298, 384, 0, 0
3138, 19, 106, 142, 0, 0, 22.03%, 0, 0, 9, 190.88, 457186, 384, 0, 0
3143, 19, 140, 142, 0, 0, 22.03%, 0, 0, 9, 169.68, 458055, 384, 0, 0
3148, 19, 25, 142, 0, 0, 22.03%, 0, 0, 9, 168.37, 458952, 384, 0, 0
3153, 19, 108, 142, 0, 0, 22.03%, 0, 0, 9, 168.21, 459819, 384, 0, 0
3159, 19, 115, 142, 0, 0, 22.03%, 0, 0, 9, 185.30, 460714, 384, 0, 0
3164, 19, 78, 142, 0, 0, 22.03%, 0, 0, 9, 159.87, 461473, 384, 0, 0
3169, 19, 125, 142, 0, 0, 22.03%, 0, 0, 9, 166.71, 462379, 384, 0, 0
3174, 19, 34, 142, 0, 0, 22.03%, 0, 0, 9, 174.57, 463328, 384, 0, 0
3179, 19, 114, 142, 0, 0, 22.03%, 0, 0, 9, 185.96, 464286, 384, 0, 0
3184, 19, 108, 142, 0, 0, 22.03%, 0, 0, 9, 200.22, 465209, 384, 0, 0
3189, 19, 10, 142, 0, 0, 22.03%, 0, 0, 9, 163.08, 465984, 384, 0, 0
3194, 19, 113, 142, 0, 0, 22.03%, 0, 0, 9, 169.05, 466932, 384, 0, 0
3199, 19, 114, 142, 0, 0, 22.03%, 0, 0, 9, 178.86, 467846, 384, 0, 0
3204, 19, 114, 142, 0, 0, 22.03%, 0, 0, 9, 186.74, 468744, 384, 0, 0
3209, 19, 25, 142, 0, 0, 22.03%, 0, 0, 9, 165.10, 469530, 384, 0, 0
3215, 20, 140, 142, 0, 0, 22.03%, 0, 0, 9, 137.17, 470282, 384, 0, 0
3220, 20, 63, 142, 0, 0, 22.03%, 0, 0, 9, 146.77, 471096, 384, 0, 0
3225, 20, 79, 142, 0, 0, 22.03%, 0, 0, 9, 162.73, 471946, 384, 0, 0
3230, 20, 125, 142, 0, 0, 22.03%, 0, 0, 9, 173.08, 472785, 384, 0, 0
3235, 20, 113, 142, 0, 0, 22.03%, 0, 0, 9, 137.25, 473436, 384, 0, 0
3240, 20, 109, 142, 0, 0, 22.03%, 0, 0, 9, 134.71, 474200, 384, 0, 0
3245, 20, 125, 142, 0, 0, 22.03%, 0, 0, 9, 139.68, 474983, 384, 0, 0
3251, 20, 116, 142, 0, 0, 22.03%, 0, 0, 9, 145.61, 475725, 384, 0, 0
3256, 20, 4, 142, 0, 0, 22.03%, 0, 0, 9, 164.91, 476490, 384, 0, 0
3261, 20, 108, 142, 0, 0, 22.03%, 0, 0, 9, 132.82, 477105, 384, 0, 0
3266, 20, 29, 142, 0, 0, 22.03%, 0, 0, 9, 141.77, 477911, 384, 0, 0
3271, 20, 33, 142, 0, 0, 22.03%, 0, 0, 9, 130.38, 478581, 384, 0, 0
3276, 20, 108, 142, 0, 0, 22.03%, 0, 0, 9, 123.05, 479176, 384, 0, 0
3281, 20, 114, 142, 0, 0, 22.03%, 0, 0, 9, 144.58, 479876, 384, 0, 0
3287, 20, 95, 142, 0, 0, 22.03%, 0, 0, 9, 133.51, 480571, 384, 0, 0
3292, 20, 51, 142, 0, 0, 22.03%, 0, 0, 9, 136.60, 481324, 384, 0, 0
3297, 20, 113, 142, 0, 0, 22.03%, 0, 0, 9, 135.15, 482018, 384, 0, 0
3302, 20, 69, 142, 0, 0, 22.03%, 0, 0, 9, 144.59, 482714, 384, 0, 0
3307, 20, 108, 142, 0, 0, 22.03%, 0, 0, 9, 121.64, 483251, 384, 0, 0
3312, 20, 22, 142, 0, 0, 22.03%, 0, 0, 9, 132.17, 483993, 384, 0, 0
3317, 20, 27, 142, 0, 0, 22.03%, 0, 0, 9, 138.22, 484754, 384, 0, 0
3323, 20, 114, 142, 0, 0, 22.03%, 0, 0, 9, 148.59, 485525, 384, 0, 0
3328, 20, 116, 142, 0, 0, 22.03%, 0, 0, 9, 161.99, 486269, 384, 0, 0
3333, 20, 114, 142, 0, 0, 22.03%, 0, 0, 9, 133.08, 486893, 384, 0, 0
3338, 20, 125, 142, 0, 0, 22.03%, 0, 0, 9, 129.51, 487631, 384, 0, 0
3343, 20, 119, 142, 0, 0, 22.03%, 0, 0, 9, 136.41, 488359, 384, 0, 0
3348, 20, 69, 142, 0, 0, 22.03%, 0, 0, 9, 145.87, 489050, 384, 0, 0
3353, 20, 27, 142, 0, 0, 22.03%, 0, 0, 9, 146.81, 489732, 384, 0, 0
3358, 20, 120, 142, 0, 0, 22.03%, 0, 0, 9, 133.37, 490410, 384, 0, 0
3363, 21, 113, 142, 0, 0, 22.03%, 0, 0, 9, 135.51, 491151, 384, 0, 0
3368, 21, 69, 142, 0, 0, 22.03%, 0, 0, 9, 146.94, 491896, 384, 0, 0
3373, 21, 33, 142, 0, 0, 22.03%, 0, 0, 9, 163.36, 492675, 384, 0, 0
3378, 21, 79, 142, 0, 0, 22.03%, 0, 0, 9, 116.62, 493215, 384, 0, 0
3384, 21, 125, 142, 0, 0, 22.03%, 0, 0, 9, 113.68, 493888, 384, 0, 0
3389, 21, 116, 142, 0, 0, 22.03%, 0, 0, 9, 136.75, 494631, 384, 0, 0
3394, 21, 93, 142, 0, 0, 22.03%, 0, 0, 9, 142.17, 495366, 384, 0, 0
3399, 21, 120, 142, 0, 0, 22.03%, 0, 0, 9, 146.39, 495988, 384, 0, 0
3404, 21, 34, 142, 0, 0, 22.03%, 0, 0, 9, 123.88, 496558, 384, 0, 0
3409, 21, 102, 142, 0, 0, 22.03%, 0, 0, 9, 126.89, 497264, 384, 0, 0
3414, 21, 113, 142, 0, 0, 22.03%, 0, 0, 9, 127.37, 497953, 384, 0, 0
3419, 21, 95, 142, 0, 0, 22.03%, 0, 0, 9, 145.59, 498673, 384, 0, 0
3424, 21, 79, 142, 0, 0, 22.03%, 0, 0, 9, 127.41, 499260, 384, 0, 0
3429, 21, 33, 142, 0, 0, 22.03%, 0, 0, 9, 107.31, 499821, 384, 0, 0
3435, 21, 53, 142, 0, 0, 22.03%, 0, 0, 9, 111.96, 500437, 384, 0, 0
3440, 21, 69, 142, 0, 0, 22.03%, 0, 0, 9, 111.26, 500989, 384, 0, 0
3445, 21, 123, 142, 0, 0, 22.03%, 0, 0, 9, 130.65, 501578, 384, 0, 0
3450, 21, 108, 142, 0, 0, 22.03%, 0, 0, 9, 118.42, 502179, 384, 0, 0
3455, 21, 76, 142, 0, 0, 22.03%, 0, 0, 9, 132.39, 502954, 384, 0, 0
3460, 21, 125, 142, 0, 0, 22.03%, 0, 0, 9, 124.03, 503612, 384, 0, 0
3465, 21, 93, 142, 0, 0, 22.03%, 0, 0, 9, 143.78, 504355, 384, 0, 0
3470, 21, 79, 142, 0, 0, 22.03%, 0, 0, 9, 164.38, 505116, 384, 0, 0
3476, 21, 116, 142, 0, 0, 22.03%, 0, 0, 9, 114.94, 505637, 384, 0, 0
3481, 21, 136, 142, 0, 0, 22.03%, 0, 0, 9, 123.08, 506309, 384, 0, 0
3486, 21, 38, 142, 0, 0, 22.03%, 0, 0, 9, 128.74, 507002, 384, 0, 0
3491, 21, 116, 142, 0, 0, 22.03%, 0, 0, 9, 141.82, 507692, 384, 0, 0
3496, 21, 93, 142, 0, 0, 22.03%, 0, 0, 9, 117.45, 508222, 384, 0, 0
3501, 21, 113, 142, 0, 0, 22.03%, 0, 0, 9, 124.32, 508916, 384, 0, 0
3506, 21, 78, 142, 0, 0, 22.03%, 0, 0, 9, 136.51, 509692, 384, 0, 0
3511, 21, 114, 142, 0, 0, 22.03%, 0, 0, 9, 148.71, 510450, 384, 0, 0
3516, 21, 53, 142, 0, 0, 22.03%, 0, 0, 9, 160.95, 511200, 384, 0, 0
3521, 21, 125, 142, 0, 0, 22.03%, 0, 0, 9, 127.52, 511799, 384, 0, 0
3527, 21, 140, 142, 0, 0, 22.03%, 0, 0, 9, 136.97, 512573, 384, 0, 0
3532, 22, 104, 142, 0, 0, 22.03%, 0, 0, 9, 142.22, 513316, 384, 0, 0
3537, 22, 7, 142, 0, 0, 22.03%, 0, 0, 9, 157.19, 514112, 384, 0, 0
3542, 22, 115, 142, 0, 0, 22.03%, 0, 0, 9, 164.87, 514883, 384, 0, 0
3547, 22, 125, 142, 0, 0, 22.03%, 0, 0, 9, 140.15, 515600, 384, 0, 0
3552, 22, 125, 142, 0, 0, 22.03%, 0, 0, 9, 148.09, 516414, 384, 0, 0
3557, 22, 35, 142, 0, 0, 22.03%, 0, 0, 9, 151.96, 517217, 384, 0, 0
3563, 22, 34, 142, 0, 0, 22.03%, 0, 0, 9, 155.87, 517991, 384, 0, 0
3568, 22, 38, 142, 0, 0, 22.03%, 0, 0, 9, 144.71, 518645, 384, 0, 0
3573, 22, 116, 142, 0, 0, 22.03%, 0, 0, 9, 134.90, 519367, 384, 0, 0
3578, 22, 78, 142, 0, 0, 22.03%, 0, 0, 9, 140.45, 520135, 384, 0, 0
3583, 22, 114, 142, 0, 0, 22.03%, 0, 0, 9, 146.93, 520915, 384, 0, 0
3588, 22, 116, 142, 0, 0, 22.03%, 0, 0, 9, 164.73, 521704, 384, 0, 0
3593, 22, 113, 142, 0, 0, 22.03%, 0, 0, 9, 129.64, 522322, 384, 0, 0
3598, 22, 68, 142, 0, 0, 22.03%, 0, 0, 9, 113.07, 522944, 384, 0, 0
3603, 22, 68, 142, 0, 0, 22.03%, 0, 0, 9, 131.12, 523645, 384, 0, 0
3609, 22, 95, 142, 0, 0, 22.03%, 0, 0, 9, 126.71, 524281, 384, 0, 0
3614, 22, 140, 142, 0, 0, 22.03%, 0, 0, 9, 144.71, 524911, 384, 0, 0
3619, 22, 116, 142, 0, 0, 22.03%, 0, 0, 9, 126.92, 525520, 384, 0, 0
3624, 22, 132, 142, 0, 0, 22.03%, 0, 0, 9, 137.88, 526277, 384, 0, 0
3629, 22, 116, 142, 0, 0, 22.03%, 0, 0, 9, 148.30, 527057, 384, 0, 0
3634, 22, 114, 142, 0, 0, 22.03%, 0, 0, 9, 158.11, 527818, 384, 0, 0
3639, 22, 79, 142, 0, 0, 22.03%, 0, 0, 9, 123.81, 528376, 384, 0, 0
3644, 22, 27, 142, 0, 0, 22.03%, 0, 0, 9, 133.93, 529124, 384, 0, 0
3649, 22, 120, 142, 0, 0, 22.03%, 0, 0, 9, 144.48, 529916, 384, 0, 0
3654, 22, 114, 142, 0, 0, 22.03%, 0, 0, 9, 151.24, 530665, 384, 0, 0
3659, 22, 120, 142, 0, 0, 22.03%, 0, 0, 9, 167.73, 531421, 384, 0, 0
3664, 22, 116, 142, 0, 0, 22.03%, 0, 0, 9, 132.86, 532058, 384, 0, 0
3669, 22, 38, 142, 0, 0, 22.03%, 0, 0, 9, 142.93, 532836, 384, 0, 0
3674, 22, 125, 142, 0, 0, 22.03%, 0, 0, 9, 146.21, 533590, 384, 0, 0
3679, 22, 125, 142, 0, 0, 22.03%, 0, 0, 9, 154.02, 534337, 384, 0, 0
3685, 22, 129, 142, 0, 0, 22.03%, 0, 0, 9, 134.18, 534986, 384, 0, 0
3690, 23, 140, 142, 0, 0, 22.03%, 0, 0, 9, 124.86, 535660, 384, 0, 0
3695, 23, 112, 142, 0, 0, 22.03%, 0, 0, 9, 136.70, 536410, 384, 0, 0
3700, 23, 125, 142, 0, 0, 22.03%, 0, 0, 9, 148.11, 537162, 384, 0, 0
3705, 23, 125, 142, 0, 0, 22.03%, 0, 0, 9, 160.84, 537928, 384, 0, 0
3710, 23, 114, 142, 0, 0, 22.03%, 0, 0, 9, 132.77, 538568, 384, 0, 0
3715, 23, 34, 142, 0, 0, 22.03%, 0, 0, 9, 133.57, 539308, 384, 0, 0
3720, 23, 69, 142, 0, 0, 22.03%, 0, 0, 9, 140.53, 540046, 384, 0, 0
3725, 23, 30, 142, 0, 0, 22.03%, 0, 0, 9, 156.89, 540837, 384, 0, 0
3731, 23, 29, 142, 0, 0, 22.03%, 0, 0, 9, 161.24, 541587, 384, 0, 0
3736, 23, 114, 142, 0, 0, 22.03%, 0, 0, 9, 136.69, 542254, 384, 0, 0
3741, 23, 38, 142, 0, 0, 22.03%, 0, 0, 9, 141.38, 543043, 384, 0, 0
3746, 23, 34, 142, 0, 0, 22.03%, 0, 0, 9, 146.28, 543809, 384, 0, 0
3751, 23, 69, 142, 0, 0, 22.03%, 0, 0, 9, 158.30, 544588, 384, 0, 0
3756, 23, 125, 142, 0, 0, 22.03%, 0, 0, 9, 152.16, 545304, 384, 0, 0
3761, 23, 140, 142, 0, 0, 22.03%, 0, 0, 9, 136.13, 546000, 384, 0, 0
3767, 23, 112, 142, 0, 0, 22.03%, 0, 0, 9, 136.14, 546766, 384, 0, 0
3772, 23, 140, 142, 0, 0, 22.03%, 0, 0, 9, 147.23, 547506, 384, 0, 0
3777, 23, 36, 142, 0, 0, 22.03%, 0, 0, 9, 166.40, 548311, 384, 0, 0
3782, 23, 75, 142, 0, 0, 22.03%, 0, 0, 9, 135.52, 548951, 384, 0, 0
3787, 23, 36, 142, 0, 0, 22.03%, 0, 0, 9, 130.10, 549648, 384, 0, 0
3792, 23, 95, 142, 0, 0, 22.03%, 0, 0, 9, 144.09, 550446, 384, 0, 0
3797, 23, 125, 142, 0, 0, 22.03%, 0, 0, 9, 150.54, 551197, 384, 0, 0
3802, 23, 95, 142, 0, 0, 22.03%, 0, 0, 9, 159.76, 551939, 384, 0, 0
3807, 23, 35, 142, 0, 0, 22.03%, 0, 0, 9, 117.91, 552502, 384, 0, 0
3813, 23, 113, 142, 0, 0, 22.03%, 0, 0, 9, 129.40, 553246, 384, 0, 0
3818, 23, 78, 142, 0, 0, 22.03%, 0, 0, 9, 120.87, 553859, 384, 0, 0
3823, 23, 35, 142, 0, 0, 22.03%, 0, 0, 9, 151.99, 554622, 384, 0, 0
3828, 23, 79, 142, 0, 0, 22.03%, 0, 0, 9, 138.32, 555276, 384, 0, 0
3833, 23, 35, 142, 0, 0, 22.03%, 0, 0, 9, 126.89, 555958, 384, 0, 0
3838, 23, 140, 142, 0, 0, 22.03%, 0, 0, 9, 140.01, 556719, 384, 0, 0
3843, 24, 140, 142, 0, 0, 22.03%, 0, 0, 9, 133.08, 557377, 384, 0, 0
3848, 24, 125, 142, 0, 0, 22.03%, 0, 0, 9, 157.32, 558130, 384, 0, 0
3853, 24, 62, 142, 0, 0, 22.03%, 0, 0, 9, 126.81, 558760, 384, 0, 0
3858, 24, 35, 142, 0, 0, 22.03%, 0, 0, 9, 132.96, 559498, 384, 0, 0
3864, 24, 118, 142, 0, 0, 22.03%, 0, 0, 9, 141.21, 560230, 384, 0, 0
3869, 24, 114, 142, 0, 0, 22.03%, 0, 0, 9, 140.92, 560928, 384, 0, 0
3874, 24, 108, 142, 0, 0, 22.03%, 0, 0, 9, 164.11, 561694, 384, 0, 0
3879, 24, 27, 142, 0, 0, 22.03%, 0, 0, 9, 131.18, 562308, 384, 0, 0
3884, 24, 115, 142, 0, 0, 22.03%, 0, 0, 9, 132.59, 563018, 384, 0, 0
3889, 24, 113, 142, 0, 0, 22.03%, 0, 0, 9, 148.48, 563821, 384, 0, 0
3894, 24, 79, 142, 0, 0, 22.03%, 0, 0, 9, 151.61, 564530, 384, 0, 0
3899, 24, 38, 142, 0, 0, 22.03%, 0, 0, 9, 123.37, 565109, 384, 0, 0
3904, 24, 35, 142, 0, 0, 22.03%, 0, 0, 9, 134.54, 565878, 384, 0, 0
3909, 24, 95, 142, 0, 0, 22.03%, 0, 0, 9, 138.82, 566632, 384, 0, 0
3914, 24, 125, 142, 0, 0, 22.03%, 0, 0, 9, 150.19, 567375, 384, 0, 0
3920, 24, 38, 142, 0, 0, 22.03%, 0, 0, 9, 162.71, 568144, 384, 0, 0
3925, 24, 27, 142, 0, 0, 22.03%, 0, 0, 9, 122.36, 568684, 384, 0, 0
3930, 24, 108, 142, 0, 0, 22.03%, 0, 0, 9, 133.43, 569460, 384, 0, 0
3935, 24, 93, 142, 0, 0, 22.03%, 0, 0, 9, 145.00, 570203, 384, 0, 0
3940, 24, 95, 142, 0, 0, 22.03%, 0, 0, 9, 144.20, 570882, 384, 0, 0
3945, 24, 79, 142, 0, 0, 22.03%, 0, 0, 9, 147.77, 571604, 384, 0, 0
3950, 24, 35, 142, 0, 0, 22.03%, 0, 0, 9, 131.40, 572295, 384, 0, 0
3955, 24, 38, 142, 0, 0, 22.03%, 0, 0, 9, 137.53, 573025, 384, 0, 0
3960, 24, 95, 142, 0, 0, 22.03%, 0, 0, 9, 154.13, 573810, 384, 0, 0
3965, 24, 108, 142, 0, 0, 22.03%, 0, 0, 9, 172.91, 574595, 384, 0, 0
3970, 24, 108, 142, 0, 0, 22.03%, 0, 0, 9, 117.80, 575139, 384, 0, 0
3975, 24, 114, 142, 0, 0, 22.03%, 0, 0, 9, 131.61, 575890, 384, 0, 0
3980, 24, 53, 142, 0, 0, 22.03%, 0, 0, 9, 146.15, 576681, 384, 0, 0
3985, 24, 29, 142, 0, 0, 22.03%, 0, 0, 9, 157.92, 577452, 384, 0, 0
3991, 25, 115, 142, 0, 0, 22.03%, 0, 0, 9, 154.56, 578187, 384, 0, 0
3996, 25, 113, 142, 0, 0, 22.03%, 0, 0, 9, 131.30, 578844, 384, 0, 0
4001, 25, 68, 142, 0, 0, 22.03%, 0, 0, 9, 141.27, 579625, 384, 0, 0
4006, 25, 95, 142, 0, 0, 22.03%, 0, 0, 9, 134.01, 580287, 384, 0, 0
4011, 25, 63, 142, 0, 0, 22.03%, 0, 0, 9, 138.60, 580910, 384, 0, 0
4016, 25, 116, 142, 0, 0, 22.03%, 0, 0, 9, 126.69, 581545, 384, 0, 0
4021, 25, 125, 142, 0, 0, 22.03%, 0, 0, 9, 161.86, 582441, 384, 0, 0
4026, 25, 123, 142, 0, 0, 22.03%, 0, 0, 9, 146.64, 583204, 384, 0, 0
4031, 25, 140, 142, 0, 0, 22.03%, 0, 0, 9, 157.96, 583986, 384, 0, 0
4036, 25, 35, 142, 0, 0, 22.03%, 0, 0, 9, 164.30, 584730, 384, 0, 0
4042, 25, 114, 142, 0, 0, 22.03%, 0, 0, 9, 134.48, 585411, 384, 0, 0
4047, 25, 116, 142, 0, 0, 22.03%, 0, 0, 9, 144.02, 586216, 384, 0, 0
4052, 25, 93, 142, 0, 0, 22.03%, 0, 0, 9, 147.07, 586977, 384, 0, 0
4057, 25, 125, 142, 0, 0, 22.03%, 0, 0, 9, 157.23, 587735, 384, 0, 0
4062, 25, 60, 142, 0, 0, 22.03%, 0, 0, 9, 149.83, 588439, 384, 0, 0
4067, 25, 121, 142, 0, 0, 22.03%, 0, 0, 9, 136.82, 589160, 384, 0, 0
4072, 25, 108, 142, 0, 0, 22.03%, 0, 0, 9, 146.39, 589983, 384, 0, 0
4077, 25, 125, 142, 0, 0, 22.03%, 0, 0, 9, 139.30, 590680, 384, 0, 0
4083, 25, 125, 142, 0, 0, 22.03%, 0, 0, 9, 161.72, 591450, 384, 0, 0
4088, 25, 68, 142, 0, 0, 22.03%, 0, 0, 9, 128.41, 592069, 384, 0, 0
4093, 25, 113, 142, 0, 0, 22.03%, 0, 0, 9, 133.95, 592831, 384, 0, 0
4098, 25, 108, 142, 0, 0, 22.03%, 0, 0, 9, 126.59, 593524, 384, 0, 0
4103, 25, 139, 142, 0, 0, 22.03%, 0, 0, 9, 161.58, 594382, 384, 0, 0
4108, 25, 15, 142, 0, 0, 22.03%, 0, 0, 9, 159.34, 595135, 384, 0, 0
4113, 25, 78, 142, 0, 0, 22.03%, 0, 0, 9, 136.06, 595781, 384, 0, 0
4119, 25, 16, 142, 0, 0, 22.03%, 0, 0, 9, 126.55, 596481, 384, 0, 0
4124, 25, 95, 143, 1, 0, 22.03%, 0, 0, 9, 142.38, 597265, 384, 0, 0
4129, 25, 62, 143, 1, 0, 22.03%, 0, 0, 9, 152.53, 598029, 384, 0, 0
4134, 25, 87, 143, 1, 0, 22.03%, 0, 0, 9, 153.66, 598722, 384, 0, 0
4139, 25, 101, 143, 1, 0, 22.03%, 0, 0, 9, 133.84, 599392, 384, 0, 0
4144, 26, 116, 143, 1, 0, 22.03%, 0, 0, 9, 132.15, 600114, 384, 0, 0
4149, 26, 125, 143, 1, 0, 22.03%, 0, 0, 9, 149.15, 600876, 384, 0, 0
4154, 26, 34, 143, 1, 0, 22.03%, 0, 0, 9, 161.18, 601641, 384, 0, 0
4159, 26, 114, 143, 1, 0, 22.03%, 0, 0, 9, 127.15, 602235, 384, 0, 0
4164, 26, 68, 143, 1, 0, 22.03%, 0, 0, 9, 124.53, 602908, 384, 0, 0
4169, 26, 108, 143, 1, 0, 22.03%, 0, 0, 9, 142.49, 603684, 384, 0, 0
4175, 26, 34, 143, 1, 0, 22.03%, 0, 0, 9, 157.73, 604492, 384, 0, 0
4180, 26, 113, 143, 1, 0, 22.03%, 0, 0, 9, 154.34, 605200, 384, 0, 0
4185, 26, 116, 143, 1, 0, 22.03%, 0, 0, 9, 114.77, 605708, 384, 0, 0
4190, 26, 38, 143, 1, 0, 22.03%, 0, 0, 9, 131.57, 606466, 384, 0, 0
4195, 26, 116, 143, 1, 0, 22.03%, 0, 0, 9, 125.67, 607122, 384, 0, 0
4200, 26, 116, 143, 1, 0, 22.03%, 0, 0, 9, 141.13, 607776, 384, 0, 0
4205, 26, 141, 143, 1, 0, 22.03%, 0, 0, 9, 133.13, 608410, 384, 0, 0
4210, 26, 116, 143, 1, 0, 22.03%, 0, 0, 9, 129.27, 609117, 384, 0, 0
4215, 26, 55, 143, 1, 0, 22.03%, 0, 0, 9, 129.58, 609837, 384, 0, 0
4221, 26, 125, 143, 1, 0, 22.03%, 0, 0, 9, 150.49, 610629, 384, 0, 0
4226, 26, 34, 143, 1, 0, 22.03%, 0, 0, 9, 160.26, 611360, 384, 0, 0
4231, 26, 68, 143, 1, 0, 22.03%, 0, 0, 9, 133.98, 612024, 384, 0, 0
4236, 26, 140, 143, 1, 0, 22.03%, 0, 0, 9, 139.31, 612806, 384, 0, 0
4241, 26, 140, 143, 1, 0, 22.03%, 0, 0, 9, 148.86, 613576, 384, 0, 0
4246, 26, 113, 143, 1, 0, 22.03%, 0, 0, 9, 154.92, 614371, 384, 0, 0
4251, 26, 93, 143, 1, 0, 22.03%, 0, 0, 9, 167.94, 615145, 384, 0, 0
4257, 26, 78, 143, 1, 0, 22.03%, 0, 0, 9, 132.47, 615778, 384, 0, 0
4262, 26, 68, 143, 1, 0, 22.03%, 0, 0, 9, 134.80, 616545, 384, 0, 0
4267, 26, 114, 143, 1, 0, 22.03%, 0, 0, 9, 145.96, 617339, 384, 0, 0
4272, 26, 27, 143, 1, 0, 22.03%, 0, 0, 9, 157.35, 618131, 384, 0, 0
4277, 26, 125, 143, 1, 0, 22.03%, 0, 0, 9, 171.18, 618921, 384, 0, 0
4282, 26, 18, 143, 1, 0, 22.03%, 0, 0, 9, 120.64, 619487, 384, 0, 0
4287, 26, 140, 143, 1, 0, 22.03%, 0, 0, 9, 129.08, 620180, 384, 0, 0
4292, 27, 69, 143, 1, 0, 22.03%, 0, 0, 9, 135.30, 620922, 384, 0, 0
4298, 27, 92, 143, 1, 0, 22.03%, 0, 0, 9, 150.48, 621633, 384, 0, 0
4303, 27, 125, 143, 1, 0, 22.03%, 0, 0, 9, 143.48, 622342, 384, 0, 0
4308, 27, 77, 143, 1, 0, 22.03%, 0, 0, 9, 131.12, 623073, 384, 0, 0
4313, 27, 99, 143, 1, 0, 22.03%, 0, 0, 9, 137.73, 623821, 384, 0, 0
4318, 27, 5, 143, 1, 0, 22.03%, 0, 0, 9, 148.84, 624618, 384, 0, 0
4323, 27, 140, 143, 1, 0, 22.03%, 0, 0, 9, 156.30, 625386, 384, 0, 0
4329, 27, 10, 143, 1, 0, 22.03%, 0, 0, 9, 120.01, 625985, 384, 0, 0
4334, 27, 113, 143, 1, 0, 22.03%, 0, 0, 9, 125.62, 626687, 384, 0, 0
4339, 27, 125, 143, 1, 0, 22.03%, 0, 0, 9, 135.34, 627436, 384, 0, 0
4344, 27, 125, 143, 1, 0, 22.03%, 0, 0, 9, 150.70, 628193, 384, 0, 0
4349, 27, 113, 143, 1, 0, 22.03%, 0, 0, 9, 157.93, 628911, 384, 0, 0
4354, 27, 1, 143, 1, 0, 22.03%, 0, 0, 9, 131.78, 629527, 384, 0, 0
4359, 27, 114, 143, 1, 0, 22.03%, 0, 0, 9, 139.19, 630322, 384, 0, 0
4364, 27, 33, 143, 1, 0, 22.03%, 0, 0, 9, 148.93, 631096, 384, 0, 0
4369, 27, 125, 143, 1, 0, 22.03%, 0, 0, 9, 155.60, 631874, 384, 0, 0
4374, 27, 53, 143, 1, 0, 22.03%, 0, 0, 9, 145.68, 632546, 384, 0, 0
4379, 27, 18, 143, 1, 0, 22.03%, 0, 0, 9, 135.41, 633266, 384, 0, 0
4385, 27, 53, 143, 1, 0, 22.03%, 0, 0, 9, 147.10, 634090, 384, 0, 0
4390, 27, 78, 143, 1, 0, 22.03%, 0, 0, 9, 151.47, 634875, 384, 0, 0
4395, 27, 140, 143, 1, 0, 22.03%, 0, 0, 9, 159.67, 635618, 384, 0, 0
4400, 27, 120, 143, 1, 0, 22.03%, 0, 0, 9, 129.38, 636210, 384, 0, 0
4405, 27, 93, 143, 1, 0, 22.03%, 0, 0, 9, 138.76, 636974, 384, 0, 0
4410, 27, 36, 143, 1, 0, 22.03%, 0, 0, 9, 145.82, 637767, 384, 0, 0
4415, 27, 106, 143, 1, 0, 22.03%, 0, 0, 9, 152.01, 638533, 384, 0, 0
4420, 27, 125, 143, 1, 0, 22.03%, 0, 0, 9, 173.45, 639333, 384, 0, 0
4425, 27, 22, 143, 1, 0, 22.03%, 0, 0, 9, 134.47, 639964, 384, 0, 0
4430, 27, 136, 143, 1, 0, 22.03%, 0, 0, 9, 130.78, 640684, 384, 0, 0
4436, 27, 78, 143, 1, 0, 22.03%, 0, 0, 9, 158.47, 641534, 384, 0, 0
4441, 27, 85, 143, 1, 0, 22.03%, 0, 0, 9, 168.34, 642365, 384, 0, 0
4446, 28, 36, 143, 1, 0, 22.03%, 0, 0, 9, 131.25, 642966, 384, 0, 0
4451, 28, 113, 143, 1, 0, 22.03%, 0, 0, 9, 133.73, 643728, 384, 0, 0
4456, 28, 116, 143, 1, 0, 22.03%, 0, 0, 9, 139.19, 644497, 384, 0, 0
4461, 28, 35, 143, 1, 0, 22.03%, 0, 0, 9, 152.14, 645296, 384, 0, 0
4466, 28, 53, 143, 1, 0, 22.03%, 0, 0, 9, 154.55, 645990, 384, 0, 0
4471, 28, 138, 143, 1, 0, 22.03%, 0, 0, 9, 132.05, 646603, 384, 0, 0
4477, 28, 35, 143, 1, 0, 22.03%, 0, 0, 9, 136.77, 647385, 384, 0, 0
4482, 28, 34, 143, 1, 0, 22.03%, 0, 0, 9, 127.50, 648089, 384, 0, 0
4487, 28, 125, 143, 1, 0, 22.03%, 0, 0, 9, 157.63, 648862, 384, 0, 0
4492, 28, 96, 143, 1, 0, 22.03%, 0, 0, 9, 168.83, 649626, 384, 0, 0
4497, 28, 114, 143, 1, 0, 22.03%, 0, 0, 9, 124.10, 650231, 384, 0, 0
4502, 28, 29, 143, 1, 0, 22.03%, 0, 0, 9, 143.07, 651053, 384, 0, 0
4507, 28, 113, 143, 1, 0, 22.03%, 0, 0, 9, 144.99, 651801, 384, 0, 0
4512, 28, 142, 144, 2, 0, 22.09%, 0, 0, 9, 155.87, 652539, 385, 0, 0
4517, 28, 143, 144, 1, 1, 22.09%, 0, 0, 9, 136.69, 653197, 385, 0, 0
4522, 28, 108, 144, 0, 0, 22.09%, 0, 0, 9, 141.03, 653975, 385, 0, 0
4527, 28, 35, 144, 0, 0, 22.09%, 0, 0, 9, 153.59, 654783, 385, 0, 0
4532, 28, 120, 144, 0, 0, 22.09%, 0, 0, 9, 166.34, 655629, 385, 0, 0
4537, 28, 108, 144, 0, 0, 22.09%, 0, 0, 9, 170.75, 656406, 385, 0, 0
4542, 28, 143, 144, 0, 0, 22.09%, 0, 0, 9, 147.41, 657134, 385, 0, 0
4548, 28, 143, 144, 0, 0, 22.09%, 0, 0, 9, 134.48, 657886, 385, 0, 0
4553, 28, 140, 144, 0, 0, 22.09%, 0, 0, 9, 147.44, 658653, 385, 0, 0
4558, 28, 116, 144, 0, 0, 22.09%, 0, 0, 9, 158.84, 659424, 385, 0, 0
4563, 28, 113, 144, 0, 0, 22.09%, 0, 0, 9, 142.23, 660112, 385, 0, 0
4568, 28, 78, 144, 0, 0, 22.09%, 0, 0, 9, 137.22, 660865, 385, 0, 0
4573, 28, 29, 144, 0, 0, 22.09%, 0, 0, 9, 143.58, 661649, 385, 0, 0
4578, 28, 116, 144, 0, 0, 22.09%, 0, 0, 9, 143.40, 662332, 385, 0, 0
4583, 28, 78, 144, 0, 0, 22.09%, 0, 0, 9, 154.18, 663060, 385, 0, 0
4588, 28, 143, 144, 0, 0, 22.09%, 0, 0, 9, 133.84, 663698, 385, 0, 0
4594, 28, 143, 144, 0, 0, 22.09%, 0, 0, 9, 135.32, 664476, 385, 0, 0
4599, 28, 118, 144, 0, 0, 22.09%, 0, 0, 9, 131.34, 665168, 385, 0, 0
4604, 28, 36, 144, 0, 0, 22.09%, 0, 0, 9, 150.80, 665904, 385, 0, 0
4609, 28, 120, 144, 0, 0, 22.09%, 0, 0, 9, 151.04, 666603, 385, 0, 0
4614, 29, 95, 144, 0, 0, 22.09%, 0, 0, 9, 133.72, 667323, 385, 0, 0
4619, 29, 78, 144, 0, 0, 22.09%, 0, 0, 9, 143.86, 668098, 385, 0, 0
4624, 29, 80, 144, 0, 0, 22.09%, 0, 0, 9, 153.11, 668908, 385, 0, 0
4629, 29, 125, 144, 0, 0, 22.09%, 0, 0, 9, 150.13, 669604, 385, 0, 0
4634, 29, 136, 144, 0, 0, 22.09%, 0, 0, 9, 106.24, 670084, 385, 0, 0
4639, 29, 114, 144, 0, 0, 22.09%, 0, 0, 9, 110.08, 670737, 385, 0, 0
4644, 29, 35, 144, 0, 0, 22.09%, 0, 0, 9, 135.50, 671452, 385, 0, 0
4649, 29, 33, 144, 0, 0, 22.09%, 0, 0, 9, 140.10, 672155, 385, 0, 0
4655, 29, 38, 144, 0, 0, 22.09%, 0, 0, 9, 164.32, 672936, 385, 0, 0
4660, 29, 108, 144, 0, 0, 22.09%, 0, 0, 9, 132.51, 673585, 385, 0, 0
4665, 29, 125, 144, 0, 0, 22.09%, 0, 0, 9, 134.88, 674363, 385, 0, 0
4670, 29, 38, 144, 0, 0, 22.09%, 0, 0, 9, 145.31, 675121, 385, 0, 0
4675, 29, 34, 144, 0, 0, 22.09%, 0, 0, 9, 158.19, 675915, 385, 0, 0
4680, 29, 108, 144, 0, 0, 22.09%, 0, 0, 9, 155.97, 676643, 385, 0, 0
4685, 29, 62, 144, 0, 0, 22.09%, 0, 0, 9, 138.67, 677355, 385, 0, 0
4691, 29, 104, 144, 0, 0, 22.09%, 0, 0, 9, 140.99, 678108, 385, 0, 0
4696, 29, 34, 144, 0, 0, 22.09%, 0, 0, 9, 153.52, 678867, 385, 0, 0
4701, 29, 101, 144, 0, 0, 22.09%, 0, 0, 9, 165.93, 679658, 385, 0, 0
4706, 29, 114, 144, 0, 0, 22.09%, 0, 0, 9, 137.25, 680310, 385, 0, 0
4711, 29, 113, 144, 0, 0, 22.09%, 0, 0, 9, 124.23, 681013, 385, 0, 0
4716, 29, 69, 144, 0, 0, 22.09%, 0, 0, 9, 142.09, 681750, 385, 0, 0
4721, 29, 116, 144, 0, 0, 22.09%, 0, 0, 9, 157.15, 682522, 385, 0, 0
4726, 29, 62, 144, 0, 0, 22.09%, 0, 0, 9, 161.08, 683275, 385, 0, 0
4731, 29, 53, 144, 0, 0, 22.09%, 0, 0, 9, 138.81, 683957, 385, 0, 0
4736, 29, 101, 144, 0, 0, 22.09%, 0, 0, 9, 139.78, 684717, 385, 0, 0
4741, 29, 65, 144, 0, 0, 22.09%, 0, 0, 9, 139.42, 685441, 385, 0, 0
4746, 29, 125, 144, 0, 0, 22.09%, 0, 0, 9, 158.87, 686210, 385, 0, 0
4751, 29, 69, 144, 0, 0, 22.09%, 0, 0, 9, 135.16, 686850, 385, 0, 0
4756, 29, 35, 144, 0, 0, 22.09%, 0, 0, 9, 141.10, 687637, 385, 0, 0
4761, 30, 125, 144, 0, 0, 22.09%, 0, 0, 9, 144.79, 688384, 385, 0, 0
4767, 30, 138, 144, 0, 0, 22.09%, 0, 0, 9, 151.23, 689156, 385, 0, 0
4772, 30, 63, 144, 0, 0, 22.09%, 0, 0, 9, 173.85, 689958, 385, 0, 0
4777, 30, 108, 144, 0, 0, 22.09%, 0, 0, 9, 140.14, 690623, 385, 0, 0
4782, 30, 125, 144, 0, 0, 22.09%, 0, 0, 9, 136.61, 691381, 385, 0, 0
4787, 30, 38, 144, 0, 0, 22.09%, 0, 0, 9, 149.28, 692170, 385, 0, 0
4792, 30, 115, 144, 0, 0, 22.09%, 0, 0, 9, 152.40, 692858, 385, 0, 0
4797, 30, 78, 144, 0, 0, 22.09%, 0, 0, 9, 133.79, 693503, 385, 0, 0
4803, 30, 34, 144, 0, 0, 22.09%, 0, 0, 9, 133.76, 694248, 385, 0, 0
4808, 30, 11, 144, 0, 0, 22.09%, 0, 0, 9, 141.29, 695010, 385, 0, 0
4813, 30, 68, 144, 0, 0, 22.09%, 0, 0, 9, 142.21, 695774, 385, 0, 0
4818, 30, 34, 144, 0, 0, 22.09%, 0, 0, 9, 155.48, 696453, 385, 0, 0
4823, 30, 10, 144, 0, 0, 22.09%, 0, 0, 9, 134.09, 697095, 385, 0, 0
4828, 30, 33, 144, 0, 0, 22.09%, 0, 0, 9, 138.52, 697873, 385, 0, 0
4833, 30, 38, 144, 0, 0, 22.09%, 0, 0, 9, 138.63, 698615, 385, 0, 0
4838, 30, 33, 144, 0, 0, 22.09%, 0, 0, 9, 151.11, 699389, 385, 0, 0
4843, 30, 143, 144, 0, 0, 22.09%, 0, 0, 9, 163.41, 700133, 385, 0, 0
4848, 30, 53, 144, 0, 0, 22.09%, 0, 0, 9, 134.22, 700783, 385, 0, 0
4853, 30, 34, 144, 0, 0, 22.09%, 0, 0, 9, 138.75, 701547, 385, 0, 0
4859, 30, 27, 144, 0, 0, 22.09%, 0, 0, 9, 155.02, 702365, 385, 0, 0
4864, 30, 95, 144, 0, 0, 22.09%, 0, 0, 9, 162.23, 703143, 385, 0, 0
4869, 30, 112, 144, 0, 0, 22.09%, 0, 0, 9, 140.08, 703803, 385, 0, 0
4874, 30, 51, 144, 0, 0, 22.09%, 0, 0, 9, 136.02, 704573, 385, 0, 0
4879, 30, 68, 144, 0, 0, 22.09%, 0, 0, 9, 131.96, 705270, 385, 0, 0
4884, 30, 114, 144, 0, 0, 22.09%, 0, 0, 9, 149.07, 706029, 385, 0, 0
4889, 30, 33, 144, 0, 0, 22.09%, 0, 0, 9, 170.10, 706833, 385, 0, 0
4894, 30, 116, 144, 0, 0, 22.09%, 0, 0, 9, 124.34, 707412, 385, 0, 0
4899, 30, 116, 144, 0, 0, 22.09%, 0, 0, 9, 121.55, 708074, 385, 0, 0
4905, 30, 68, 144, 0, 0, 22.09%, 0, 0, 9, 126.61, 708773, 385, 0, 0
4910, 31, 108, 144, 0, 0, 22.09%, 0, 0, 9, 149.87, 709554, 385, 0, 0
4915, 31, 29, 144, 0, 0, 22.09%, 0, 0, 9, 165.03, 710312, 385, 0, 0
4920, 31, 106, 144, 0, 0, 22.09%, 0, 0, 9, 132.15, 710954, 385, 0, 0
4925, 31, 113, 144, 0, 0, 22.09%, 0, 0, 9, 136.96, 711695, 385, 0, 0
4930, 31, 140, 144, 0, 0, 22.09%, 0, 0, 9, 141.28, 712431, 385, 0, 0
4935, 31, 29, 144, 0, 0, 22.09%, 0, 0, 9, 156.73, 713189, 385, 0, 0
4940, 31, 38, 144, 0, 0, 22.09%, 0, 0, 9, 130.52, 713802, 385, 0, 0
4945, 31, 106, 144, 0, 0, 22.09%, 0, 0, 9, 131.40, 714536, 385, 0, 0
4951, 31, 116, 144, 0, 0, 22.09%, 0, 0, 9, 136.49, 715271, 385, 0, 0
4956, 31, 69, 144, 0, 0, 22.09%, 0, 0, 9, 151.52, 716033, 385, 0, 0
4961, 31, 117, 144, 0, 0, 22.09%, 0, 0, 9, 167.62, 716791, 385, 0, 0
4966, 31, 108, 144, 0, 0, 22.09%, 0, 0, 9, 125.41, 717360, 385, 0, 0
4971, 31, 68, 144, 0, 0, 22.09%, 0, 0, 9, 124.07, 718066, 385, 0, 0
4976, 31, 143, 144, 0, 0, 22.09%, 0, 0, 9, 148.17, 718833, 385, 0, 0
4981, 31, 113, 144, 0, 0, 22.09%, 0, 0, 9, 156.64, 719610, 385, 0, 0
4986, 31, 29, 144, 0, 0, 22.09%, 0, 0, 9, 133.18, 720227, 385, 0, 0
4991, 31, 10, 144, 0, 0, 22.09%, 0, 0, 9, 132.98, 720967, 385, 0, 0
4996, 31, 68, 144, 0, 0, 22.09%, 0, 0, 9, 138.03, 721722, 385, 0, 0
5002, 31, 143, 144, 0, 0, 22.09%, 0, 0, 9, 147.87, 722494, 385, 0, 0
5007, 31, 116, 144, 0, 0, 22.09%, 0, 0, 9, 145.63, 723220, 385, 0, 0
5012, 31, 36, 144, 0, 0, 22.09%, 0, 0, 9, 110.35, 723733, 385, 0, 0
5017, 31, 114, 144, 0, 0, 22.09%, 0, 0, 9, 133.12, 724515, 385, 0, 0
5022, 31, 114, 144, 0, 0, 22.09%, 0, 0, 9, 143.76, 725307, 385, 0, 0
5027, 31, 62, 144, 0, 0, 22.09%, 0, 0, 9, 154.05, 726106, 385, 0, 0
5032, 31, 35, 144, 0, 0, 22.09%, 0, 0, 9, 151.74, 726808, 385, 0, 0
5037, 31, 71, 144, 0, 0, 22.09%, 0, 0, 9, 123.08, 727373, 385, 0, 0
5043, 31, 108, 144, 0, 0, 22.09%, 0, 0, 9, 138.40, 728175, 385, 0, 0
5048, 31, 125, 144, 0, 0, 22.09%, 0, 0, 9, 150.11, 728963, 385, 0, 0
5053, 31, 27, 144, 0, 0, 22.09%, 0, 0, 9, 157.23, 729746, 385, 0, 0
5058, 31, 78, 144, 0, 0, 22.09%, 0, 0, 9, 151.78, 730431, 385, 0, 0
5063, 31, 35, 144, 0, 0, 22.09%, 0, 0, 9, 130.50, 731105, 385, 0, 0
5068, 31, 34, 144, 0, 0, 22.09%, 0, 0, 9, 140.03, 731899, 385, 0, 0
5073, 32, 93, 144, 0, 0, 22.09%, 0, 0, 9, 133.26, 732620, 385, 0, 0
5079, 32, 114, 144, 0, 0, 22.09%, 0, 0, 9, 146.96, 733363, 385, 0, 0
5084, 32, 62, 144, 0, 0, 22.09%, 0, 0, 9, 153.48, 734059, 385, 0, 0
5089, 32, 143, 144, 0, 0, 22.09%, 0, 0, 9, 134.36, 734766, 385, 0, 0
5094, 32, 69, 144, 0, 0, 22.09%, 0, 0, 9, 138.72, 735550, 385, 0, 0
5099, 32, 120, 144, 0, 0, 22.09%, 0, 0, 9, 150.60, 736340, 385, 0, 0
5104, 32, 29, 144, 0, 0, 22.09%, 0, 0, 9, 165.38, 737137, 385, 0, 0
5109, 32, 36, 144, 0, 0, 22.09%, 0, 0, 9, 126.28, 737733, 385, 0, 0
5114, 32, 53, 144, 0, 0, 22.09%, 0, 0, 9, 127.04, 738442, 385, 0, 0
5120, 32, 104, 144, 0, 0, 22.09%, 0, 0, 9, 135.28, 739188, 385, 0, 0
5125, 32, 120, 144, 0, 0, 22.09%, 0, 0, 9, 146.13, 739905, 385, 0, 0
5130, 32, 60, 144, 0, 0, 22.09%, 0, 0, 9, 158.36, 740634, 385, 0, 0
5135, 32, 113, 144, 0, 0, 22.09%, 0, 0, 9, 126.91, 741279, 385, 0, 0
5140, 32, 113, 144, 0, 0, 22.09%, 0, 0, 9, 137.55, 742049, 385, 0, 0
5145, 32, 79, 144, 0, 0, 22.09%, 0, 0, 9, 140.69, 742741, 385, 0, 0
5150, 32, 78, 144, 0, 0, 22.09%, 0, 0, 9, 156.30, 743522, 385, 0, 0
5155, 32, 113, 144, 0, 0, 22.09%, 0, 0, 9, 152.25, 744248, 385, 0, 0
5160, 32, 10, 144, 0, 0, 22.09%, 0, 0, 9, 146.01, 745061, 385, 0, 0
5166, 32, 93, 144, 0, 0, 22.09%, 0, 0, 9, 148.66, 745891, 385, 0, 0
5171, 32, 115, 144, 0, 0, 22.09%, 0, 0, 9, 144.64, 746635, 385, 0, 0
5176, 32, 140, 144, 0, 0, 22.09%, 0, 0, 9, 163.58, 747433, 385, 0, 0
5181, 32, 93, 144, 0, 0, 22.09%, 0, 0, 9, 142.08, 748123, 385, 0, 0
5186, 32, 68, 144, 0, 0, 22.09%, 0, 0, 9, 127.27, 748828, 385, 0, 0
5191, 32, 140, 144, 0, 0, 22.09%, 0, 0, 9, 134.26, 749575, 385, 0, 0
5196, 32, 79, 144, 0, 0, 22.09%, 0, 0, 9, 138.89, 750270, 385, 0, 0
5201, 32, 35, 144, 0, 0, 22.09%, 0, 0, 9, 151.41, 750921, 385, 0, 0
5207, 32, 121, 144, 0, 0, 22.09%, 0, 0, 9, 133.57, 751579, 385, 0, 0
5212, 33, 10, 144, 0, 0, 22.09%, 0, 0, 9, 138.16, 752341, 385, 0, 0
5217, 33, 69, 144, 0, 0, 22.09%, 0, 0, 9, 132.44, 753063, 385, 0, 0
5222, 33, 10, 144, 0, 0, 22.09%, 0, 0, 9, 146.80, 753747, 385, 0, 0
5227, 33, 35, 144, 0, 0, 22.09%, 0, 0, 9, 154.11, 754485, 385, 0, 0
5232, 33, 69, 144, 0, 0, 22.09%, 0, 0, 9, 127.05, 755145, 385, 0, 0
5237, 33, 116, 144, 0, 0, 22.09%, 0, 0, 9, 140.78, 755912, 385, 0, 0
5242, 33, 62, 144, 0, 0, 22.09%, 0, 0, 9, 153.11, 756739, 385, 0, 0
5248, 33, 93, 144, 0, 0, 22.09%, 0, 0, 9, 166.77, 757543, 385, 0, 0
5253, 33, 101, 144, 0, 0, 22.09%, 0, 0, 9, 125.64, 758124, 385, 0, 0
5258, 33, 140, 144, 0, 0, 22.09%, 0, 0, 9, 134.92, 758891, 385, 0, 0
5263, 33, 33, 144, 0, 0, 22.09%, 0, 0, 9, 152.78, 759742, 385, 0, 0
5268, 33, 69, 144, 0, 0, 22.09%, 0, 0, 9, 150.81, 760509, 385, 0, 0
5273, 33, 117, 144, 0, 0, 22.09%, 0, 0, 9, 153.51, 761234, 385, 0, 0
5278, 33, 114, 144, 0, 0, 22.09%, 0, 0, 9, 119.46, 761789, 385, 0, 0
5283, 33, 139, 144, 0, 0, 22.09%, 0, 0, 9, 135.95, 762557, 385, 0, 0
5289, 33, 27, 144, 0, 0, 22.09%, 0, 0, 9, 125.04, 763219, 385, 0, 0
5294, 33, 75, 144, 0, 0, 22.09%, 0, 0, 9, 139.18, 763893, 385, 0, 0
5299, 33, 69, 144, 0, 0, 22.09%, 0, 0, 9, 164.17, 764666, 385, 0, 0
5304, 33, 140, 144, 0, 0, 22.09%, 0, 0, 9, 127.13, 765274, 385, 0, 0
5309, 33, 68, 144, 0, 0, 22.09%, 0, 0, 9, 151.29, 766111, 385, 0, 0
5314, 33, 113, 144, 0, 0, 22.09%, 0, 0, 9, 165.20, 766971, 385, 0, 0
5319, 33, 108, 144, 0, 0, 22.09%, 0, 0, 9, 183.97, 767867, 385, 0, 0
5324, 33, 33, 144, 0, 0, 22.09%, 0, 0, 9, 155.58, 768608, 385, 0, 0
6505, 33, 93, 144, 0, 0, 22.09%, 0, 0, 9, 0.02, 768660, 385, 0, 0
6510, 33, 62, 144, 0, 0, 22.09%, 0, 0, 9, 144.33, 769297, 385, 0, 0
6515, 33, 125, 144, 0, 0, 22.09%, 0, 0, 9, 128.34, 769968, 385, 0, 0
6521, 33, 93, 144, 0, 0, 22.09%, 0, 0, 9, 167.28, 770854, 385, 0, 0
6526, 33, 36, 144, 0, 0, 22.09%, 0, 0, 9, 193.29, 771784, 385, 0, 0
6531, 33, 11, 144, 0, 0, 22.09%, 0, 0, 9, 145.62, 772459, 385, 0, 0
6536, 33, 113, 144, 0, 0, 22.09%, 0, 0, 9, 136.09, 773229, 385, 0, 0
6541, 34, 22, 144, 0, 0, 22.09%, 0, 0, 9, 143.79, 774029, 385, 0, 0
6546, 34, 115, 144, 0, 0, 22.09%, 0, 0, 9, 159.28, 774836, 385, 0, 0
6551, 34, 34, 144, 0, 0, 22.09%, 0, 0, 9, 169.24, 775594, 385, 0, 0
6556, 34, 136, 144, 0, 0, 22.09%, 0, 0, 9, 173.14, 776442, 385, 0, 0
6562, 34, 34, 144, 0, 0, 22.09%, 0, 0, 9, 185.53, 777460, 385, 0, 0
6567, 34, 68, 144, 0, 0, 22.09%, 0, 0, 9, 190.36, 778445, 385, 0, 0
6572, 34, 115, 144, 0, 0, 22.09%, 0, 0, 9, 182.58, 779353, 385, 0, 0
6577, 34, 34, 144, 0, 0, 22.09%, 0, 0, 9, 178.59, 780206, 385, 0, 0
6582, 34, 20, 144, 0, 0, 22.09%, 0, 0, 9, 161.44, 781090, 385, 0, 0
6587, 34, 27, 144, 0, 0, 22.09%, 0, 0, 9, 164.63, 782001, 385, 0, 0
6592, 34, 27, 144, 0, 0, 22.09%, 0, 0, 9, 170.56, 782904, 385, 0, 0
6597, 34, 112, 144, 0, 0, 22.09%, 0, 0, 9, 188.36, 783848, 385, 0, 0
6603, 34, 79, 144, 0, 0, 22.09%, 0, 0, 9, 161.61, 784624, 385, 0, 0
6608, 34, 33, 144, 0, 0, 22.09%, 0, 0, 9, 162.15, 785534, 385, 0, 0
6613, 34, 36, 144, 0, 0, 22.09%, 0, 0, 9, 177.38, 786489, 385, 0, 0
6618, 34, 108, 144, 0, 0, 22.09%, 0, 0, 9, 196.56, 787499, 385, 0, 0
6623, 34, 20, 144, 0, 0, 22.09%, 0, 0, 9, 205.00, 788524, 385, 0, 0
6628, 34, 33, 144, 0, 0, 22.09%, 0, 0, 9, 144.64, 789227, 385, 0, 0
6633, 34, 27, 144, 0, 0, 22.09%, 0, 0, 9, 138.57, 789971, 385, 0, 0
6638, 34, 114, 144, 0, 0, 22.09%, 0, 0, 9, 136.37, 790695, 385, 0, 0
6644, 34, 113, 144, 0, 0, 22.09%, 0, 0, 9, 155.76, 791502, 385, 0, 0
6649, 34, 120, 144, 0, 0, 22.09%, 0, 0, 9, 177.59, 792317, 385, 0, 0
6654, 34, 108, 144, 0, 0, 22.09%, 0, 0, 9, 153.35, 793090, 385, 0, 0
6659, 34, 120, 144, 0, 0, 22.09%, 0, 0, 9, 147.94, 793891, 385, 0, 0
6664, 35, 140, 144, 0, 0, 22.09%, 0, 0, 9, 150.31, 794661, 385, 0, 0
6669, 35, 79, 144, 0, 0, 22.09%, 0, 0, 9, 180.65, 795560, 385, 0, 0
6674, 35, 28, 144, 0, 0, 22.09%, 0, 0, 9, 157.30, 796320, 385, 0, 0
6679, 35, 143, 144, 0, 0, 22.09%, 0, 0, 9, 165.68, 797251, 385, 0, 0
6685, 35, 79, 144, 0, 0, 22.09%, 0, 0, 9, 169.62, 798157, 385, 0, 0
6690, 35, 140, 144, 0, 0, 22.09%, 0, 0, 9, 189.32, 799147, 385, 0, 0
6695, 35, 35, 144, 0, 0, 22.09%, 0, 0, 9, 207.87, 800192, 385, 0, 0
6700, 35, 95, 144, 0, 0, 22.09%, 0, 0, 9, 164.61, 800981, 385, 0, 0
6705, 35, 29, 144, 0, 0, 22.09%, 0, 0, 9, 150.96, 801805, 385, 0, 0
6710, 35, 125, 144, 0, 0, 22.09%, 0, 0, 9, 155.55, 802638, 385, 0, 0
6715, 35, 108, 144, 0, 0, 22.09%, 0, 0, 9, 164.85, 803472, 385, 0, 0
6721, 35, 108, 144, 0, 0, 22.09%, 0, 0, 9, 172.02, 804247, 385, 0, 0
6726, 35, 9, 144, 0, 0, 22.09%, 0, 0, 9, 156.42, 805016, 385, 0, 0
6731, 35, 108, 144, 0, 0, 22.09%, 0, 0, 9, 172.75, 805975, 385, 0, 0
6736, 35, 22, 144, 0, 0, 22.09%, 0, 0, 9, 172.34, 806887, 385, 0, 0
6741, 35, 69, 144, 0, 0, 22.09%, 0, 0, 9, 185.27, 807788, 385, 0, 0
6746, 35, 78, 144, 0, 0, 22.09%, 0, 0, 9, 172.40, 808599, 385, 0, 0
6751, 35, 116, 144, 0, 0, 22.09%, 0, 0, 9, 163.96, 809477, 385, 0, 0
6756, 35, 34, 144, 0, 0, 22.09%, 0, 0, 9, 184.15, 810475, 385, 0, 0
6761, 35, 129, 144, 0, 0, 22.09%, 0, 0, 9, 176.92, 811344, 385, 0, 0
6767, 35, 38, 144, 0, 0, 22.09%, 0, 0, 9, 187.85, 812290, 385, 0, 0
6772, 35, 140, 144, 0, 0, 22.09%, 0, 0, 9, 169.50, 813139, 385, 0, 0
6777, 35, 108, 144, 0, 0, 22.09%, 0, 0, 9, 163.20, 814043, 385, 0, 0
6782, 35, 116, 144, 0, 0, 22.09%, 0, 0, 9, 179.93, 814966, 385, 0, 0
6787, 36, 95, 144, 0, 0, 22.09%, 0, 0, 9, 175.64, 815818, 385, 0, 0
6792, 36, 68, 144, 0, 0, 22.09%, 0, 0, 9, 173.76, 816602, 385, 0, 0
6797, 36, 108, 144, 0, 0, 22.09%, 0, 0, 9, 139.63, 817247, 385, 0, 0
6802, 36, 93, 144, 0, 0, 22.09%, 0, 0, 9, 154.73, 818118, 385, 0, 0
6807, 36, 95, 144, 0, 0, 22.09%, 0, 0, 9, 150.11, 818873, 385, 0, 0
6812, 36, 34, 144, 0, 0, 22.09%, 0, 0, 9, 175.62, 819757, 385, 0, 0
6818, 36, 114, 144, 0, 0, 22.09%, 0, 0, 9, 179.01, 820632, 385, 0, 0
6823, 36, 113, 144, 0, 0, 22.09%, 0, 0, 9, 160.73, 821498, 385, 0, 0
6828, 36, 79, 144, 0, 0, 22.09%, 0, 0, 9, 168.52, 822437, 385, 0, 0
6833, 36, 34, 144, 0, 0, 22.09%, 0, 0, 9, 174.36, 823366, 385, 0, 0
6838, 36, 104, 144, 0, 0, 22.09%, 0, 0, 9, 181.10, 824207, 385, 0, 0
6843, 36, 140, 144, 0, 0, 22.09%, 0, 0, 9, 164.19, 825004, 385, 0, 0
6848, 36, 101, 144, 0, 0, 22.09%, 0, 0, 9, 158.25, 825875, 385, 0, 0
6854, 36, 125, 144, 0, 0, 22.09%, 0, 0, 9, 161.94, 826750, 385, 0, 0
6859, 36, 101, 144, 0, 0, 22.09%, 0, 0, 9, 164.94, 827555, 385, 0, 0
6864, 36, 95, 144, 0, 0, 22.09%, 0, 0, 9, 181.30, 828438, 385, 0, 0
6869, 36, 34, 144, 0, 0, 22.09%, 0, 0, 9, 139.37, 829098, 385, 0, 0
6874, 36, 35, 144, 0, 0, 22.09%, 0, 0, 9, 133.81, 829855, 385, 0, 0
6879, 36, 68, 144, 0, 0, 22.09%, 0, 0, 9, 161.19, 830688, 385, 0, 0
6884, 36, 69, 144, 0, 0, 22.09%, 0, 0, 9, 176.10, 831557, 385, 0, 0
6889, 36, 34, 144, 0, 0, 22.09%, 0, 0, 9, 162.86, 832350, 385, 0, 0
6894, 36, 120, 144, 0, 0, 22.09%, 0, 0, 9, 153.55, 833151, 385, 0, 0
6899, 36, 143, 144, 0, 0, 22.09%, 0, 0, 9, 151.51, 833925, 385, 0, 0
6905, 36, 108, 144, 0, 0, 22.09%, 0, 0, 9, 166.17, 834804, 385, 0, 0
6910, 36, 115, 144, 0, 0, 22.09%, 0, 0, 9, 182.06, 835678, 385, 0, 0
6915, 36, 79, 144, 0, 0, 22.09%, 0, 0, 9, 162.74, 836463, 385, 0, 0
6920, 36, 120, 144, 0, 0, 22.09%, 0, 0, 9, 157.90, 837331, 385, 0, 0
6925, 36, 125, 144, 0, 0, 22.09%, 0, 0, 9, 159.70, 838189, 385, 0, 0
6930, 37, 140, 144, 0, 0, 22.09%, 0, 0, 9, 166.90, 838999, 385, 0, 0
6935, 37, 53, 144, 0, 0, 22.09%, 0, 0, 9, 168.25, 839786, 385, 0, 0
6940, 37, 1, 144, 0, 0, 22.09%, 0, 0, 9, 144.25, 840496, 385, 0, 0
6945, 37, 143, 144, 0, 0, 22.09%, 0, 0, 9, 159.38, 841358, 385, 0, 0
6950, 37, 143, 144, 0, 0, 22.09%, 0, 0, 9, 165.40, 842204, 385, 0, 0
6955, 37, 120, 144, 0, 0, 22.09%, 0, 0, 9, 180.62, 843090, 385, 0, 0
6960, 37, 114, 144, 0, 0, 22.09%, 0, 0, 9, 157.80, 843889, 385, 0, 0
6966, 37, 27, 144, 0, 0, 22.09%, 0, 0, 9, 167.32, 844797, 385, 0, 0
6971, 37, 20, 144, 0, 0, 22.09%, 0, 0, 9, 159.67, 845680, 385, 0, 0
6976, 37, 38, 144, 0, 0, 22.09%, 0, 0, 9, 158.30, 846435, 385, 0, 0
6981, 37, 116, 144, 0, 0, 22.09%, 0, 0, 9, 218.78, 847557, 385, 0, 0
6986, 37, 125, 144, 0, 0, 22.09%, 0, 0, 9, 171.54, 848353, 385, 0, 0
6991, 37, 113, 144, 0, 0, 22.09%, 0, 0, 9, 174.24, 849270, 385, 0, 0
6996, 37, 113, 144, 0, 0, 22.09%, 0, 0, 9, 187.74, 850286, 385, 0, 0
7001, 37, 79, 144, 0, 0, 22.09%, 0, 0, 9, 184.00, 851217, 385, 0, 0
7006, 37, 53, 144, 0, 0, 22.09%, 0, 0, 9, 179.34, 852059, 385, 0, 0
7012, 37, 79, 144, 0, 0, 22.09%, 0, 0, 9, 172.88, 852992, 385, 0, 0
7017, 37, 115, 144, 0, 0, 22.09%, 0, 0, 9, 180.61, 853983, 385, 0, 0
7022, 37, 113, 144, 0, 0, 22.09%, 0, 0, 9, 192.06, 854975, 385, 0, 0
7027, 37, 43, 144, 0, 0, 22.09%, 0, 0, 9, 192.87, 855910, 385, 0, 0
7032, 37, 125, 144, 0, 0, 22.09%, 0, 0, 9, 124.35, 856477, 385, 0, 0
7037, 37, 115, 144, 0, 0, 22.09%, 0, 0, 9, 135.46, 857256, 385, 0, 0
7042, 37, 143, 144, 0, 0, 22.09%, 0, 0, 9, 154.66, 858092, 385, 0, 0
7047, 37, 48, 144, 0, 0, 22.09%, 0, 0, 9, 154.56, 858853, 385, 0, 0
7052, 37, 90, 144, 0, 0, 22.09%, 0, 0, 9, 176.23, 859669, 385, 0, 0
7057, 37, 115, 144, 0, 0, 22.09%, 0, 0, 9, 142.54, 860333, 385, 0, 0
7063, 37, 125, 144, 0, 0, 22.09%, 0, 0, 9, 142.58, 861108, 385, 0, 0
7068, 38, 93, 144, 0, 0, 22.09%, 0, 0, 9, 148.17, 861902, 385, 0, 0
7073, 38, 125, 144, 0, 0, 22.09%, 0, 0, 9, 157.42, 862683, 385, 0, 0
7078, 38, 35, 144, 0, 0, 22.09%, 0, 0, 9, 132.32, 863296, 385, 0, 0
7083, 38, 38, 144, 0, 0, 22.09%, 0, 0, 9, 131.66, 864010, 385, 0, 0
7088, 38, 113, 144, 0, 0, 22.09%, 0, 0, 9, 135.72, 864772, 385, 0, 0
7094, 38, 125, 144, 0, 0, 22.09%, 0, 0, 9, 146.91, 865541, 385, 0, 0
7099, 38, 140, 144, 0, 0, 22.09%, 0, 0, 9, 154.27, 866295, 385, 0, 0
7104, 38, 32, 144, 0, 0, 22.09%, 0, 0, 9, 127.60, 866885, 385, 0, 0
7109, 38, 79, 144, 0, 0, 22.09%, 0, 0, 9, 138.38, 867653, 385, 0, 0
7114, 38, 78, 144, 0, 0, 22.09%, 0, 0, 9, 160.91, 868529, 385, 0, 0
7119, 38, 112, 144, 0, 0, 22.09%, 0, 0, 9, 177.09, 869407, 385, 0, 0
7124, 38, 143, 144, 0, 0, 22.09%, 0, 0, 9, 194.18, 870349, 385, 0, 0
7129, 38, 143, 144, 0, 0, 22.09%, 0, 0, 9, 156.70, 871081, 385, 0, 0
7134, 38, 127, 144, 0, 0, 22.09%, 0, 0, 9, 169.73, 872009, 385, 0, 0
7139, 38, 120, 144, 0, 0, 22.09%, 0, 0, 9, 175.21, 872911, 385, 0, 0
7145, 38, 93, 144, 0, 0, 22.09%, 0, 0, 9, 185.70, 873860, 385, 0, 0
7150, 38, 95, 144, 0, 0, 22.09%, 0, 0, 9, 171.28, 874692, 385, 0, 0
7155, 38, 31, 144, 0, 0, 22.09%, 0, 0, 9, 134.06, 875323, 385, 0, 0
7160, 38, 120, 144, 0, 0, 22.09%, 0, 0, 9, 140.49, 876099, 385, 0, 0
7165, 38, 34, 144, 0, 0, 22.09%, 0, 0, 9, 166.16, 876986, 385, 0, 0
7170, 38, 117, 144, 0, 0, 22.09%, 0, 0, 9, 186.25, 877918, 385, 0, 0
7175, 38, 113, 144, 0, 0, 22.09%, 0, 0, 9, 155.07, 878638, 385, 0, 0
7180, 38, 53, 144, 0, 0, 22.09%, 0, 0, 9, 139.89, 879376, 385, 0, 0
7186, 38, 27, 144, 0, 0, 22.09%, 0, 0, 9, 143.17, 880161, 385, 0, 0
7191, 38, 63, 144, 0, 0, 22.09%, 0, 0, 9, 145.59, 880906, 385, 0, 0
7196, 38, 53, 144, 0, 0, 22.09%, 0, 0, 9, 158.75, 881663, 385, 0, 0
7201, 39, 116, 144, 0, 0, 22.09%, 0, 0, 9, 118.06, 882232, 385, 0, 0
7206, 39, 120, 144, 0, 0, 22.09%, 0, 0, 9, 134.08, 882996, 385, 0, 0
7211, 39, 120, 144, 0, 0, 22.09%, 0, 0, 9, 146.37, 883758, 385, 0, 0
7216, 39, 125, 144, 0, 0, 22.09%, 0, 0, 9, 156.71, 884557, 385, 0, 0
7222, 39, 108, 144, 0, 0, 22.09%, 0, 0, 9, 163.19, 885326, 385, 0, 0
7227, 39, 120, 144, 0, 0, 22.09%, 0, 0, 9, 128.08, 885936, 385, 0, 0
7232, 39, 34, 144, 0, 0, 22.09%, 0, 0, 9, 136.13, 886706, 385, 0, 0
7237, 39, 143, 144, 0, 0, 22.09%, 0, 0, 9, 144.43, 887460, 385, 0, 0
7242, 39, 109, 144, 0, 0, 22.09%, 0, 0, 9, 163.39, 888279, 385, 0, 0
7247, 39, 116, 144, 0, 0, 22.09%, 0, 0, 9, 172.35, 889094, 385, 0, 0
7252, 39, 79, 144, 0, 0, 22.09%, 0, 0, 9, 153.86, 889890, 385, 0, 0
7257, 39, 108, 144, 0, 0, 22.09%, 0, 0, 9, 164.71, 890765, 385, 0, 0
7263, 39, 79, 144, 0, 0, 22.09%, 0, 0, 9, 194.65, 891818, 385, 0, 0
7268, 39, 85, 144, 0, 0, 22.09%, 0, 0, 9, 191.65, 892749, 385, 0, 0
7273, 39, 68, 144, 0, 0, 22.09%, 0, 0, 9, 153.24, 893501, 385, 0, 0
7278, 39, 116, 144, 0, 0, 22.09%, 0, 0, 9, 148.99, 894305, 385, 0, 0
7283, 39, 48, 144, 0, 0, 22.09%, 0, 0, 9, 150.86, 895144, 385, 0, 0
7288, 39, 116, 144, 0, 0, 22.09%, 0, 0, 9, 165.15, 895980, 385, 0, 0
7293, 39, 27, 144, 0, 0, 22.09%, 0, 0, 9, 189.44, 896889, 385, 0, 0
7298, 39, 125, 144, 0, 0, 22.09%, 0, 0, 9, 158.08, 897635, 385, 0, 0
7304, 39, 33, 144, 0, 0, 22.09%, 0, 0, 9, 165.34, 898546, 385, 0, 0
7309, 39, 114, 144, 0, 0, 22.09%, 0, 0, 9, 189.08, 899572, 385, 0, 0
7314, 39, 125, 144, 0, 0, 22.09%, 0, 0, 9, 175.55, 900461, 385, 0, 0
7319, 39, 76, 144, 0, 0, 22.09%, 0, 0, 9, 169.44, 901205, 385, 0, 0
7324, 39, 29, 144, 0, 0, 22.09%, 0, 0, 9, 135.11, 901861, 385, 0, 0
7329, 39, 101, 144, 0, 0, 22.09%, 0, 0, 9, 142.64, 902676, 385, 0, 0
7335, 39, 140, 144, 0, 0, 22.09%, 0, 0, 9, 166.52, 903600, 385, 0, 0
7340, 39, 143, 144, 0, 0, 22.09%, 0, 0, 9, 184.50, 904528, 385, 0, 0
7345, 39, 143, 144, 0, 0, 22.09%, 0, 0, 9, 186.96, 905434, 385, 0, 0
7350, 39, 115, 144, 0, 0, 22.09%, 0, 0, 9, 167.77, 906300, 385, 0, 0
7355, 40, 95, 144, 0, 0, 22.09%, 0, 0, 9, 155.34, 907157, 385, 0, 0
7360, 40, 33, 144, 0, 0, 22.09%, 0, 0, 9, 173.75, 908066, 385, 0, 0
7366, 40, 114, 144, 0, 0, 22.09%, 0, 0, 9, 184.74, 908973, 385, 0, 0
7371, 40, 115, 144, 0, 0, 22.09%, 0, 0, 9, 164.70, 909743, 385, 0, 0
7376, 40, 120, 144, 0, 0, 22.09%, 0, 0, 9, 167.89, 910661, 385, 0, 0
7381, 40, 69, 144, 0, 0, 22.09%, 0, 0, 9, 171.53, 911591, 385, 0, 0
7386, 40, 78, 144, 0, 0, 22.09%, 0, 0, 9, 168.47, 912453, 385, 0, 0
7391, 40, 116, 144, 0, 0, 22.09%, 0, 0, 9, 169.22, 913251, 385, 0, 0
7396, 40, 79, 144, 0, 0, 22.09%, 0, 0, 9, 126.85, 913862, 385, 0, 0
7402, 40, 143, 144, 0, 0, 22.09%, 0, 0, 9, 135.51, 914628, 385, 0, 0
7407, 40, 143, 144, 0, 0, 22.09%, 0, 0, 9, 141.99, 915374, 385, 0, 0
7412, 40, 7, 144, 0, 0, 22.09%, 0, 0, 9, 147.67, 916122, 385, 0, 0
7417, 40, 116, 144, 0, 0, 22.09%, 0, 0, 9, 165.48, 916885, 385, 0, 0
7422, 40, 27, 144, 0, 0, 22.09%, 0, 0, 9, 133.78, 917514, 385, 0, 0
7427, 40, 69, 144, 0, 0, 22.09%, 0, 0, 9, 140.09, 918292, 385, 0, 0
7432, 40, 113, 144, 0, 0, 22.09%, 0, 0, 9, 144.92, 919045, 385, 0, 0
7437, 40, 108, 144, 0, 0, 22.09%, 0, 0, 9, 179.23, 919960, 385, 0, 0
7443, 40, 55, 144, 0, 0, 22.09%, 0, 0, 9, 179.49, 920800, 385, 0, 0
7448, 40, 90, 144, 0, 0, 22.09%, 0, 0, 9, 160.48, 921627, 385, 0, 0
7453, 40, 125, 144, 0, 0, 22.09%, 0, 0, 9, 166.66, 922509, 385, 0, 0
7458, 40, 109, 144, 0, 0, 22.09%, 0, 0, 9, 173.26, 923419, 385, 0, 0
7463, 40, 114, 144, 0, 0, 22.09%, 0, 0, 9, 188.20, 924345, 385, 0, 0
7468, 40, 114, 144, 0, 0, 22.09%, 0, 0, 9, 148.24, 925065, 385, 0, 0
7473, 40, 33, 144, 0, 0, 22.09%, 0, 0, 9, 159.74, 925923, 385, 0, 0
7478, 40, 116, 144, 0, 0, 22.09%, 0, 0, 9, 161.66, 926762, 385, 0, 0
7483, 40, 27, 144, 0, 0, 22.09%, 0, 0, 9, 179.42, 927653, 385, 0, 0
7488, 41, 140, 144, 0, 0, 22.09%, 0, 0, 9, 198.55, 928609, 385, 0, 0
7493, 41, 78, 144, 0, 0, 22.09%, 0, 0, 9, 161.01, 929398, 385, 0, 0
7498, 41, 135, 144, 0, 0, 22.09%, 0, 0, 9, 173.76, 930333, 385, 0, 0
7503, 41, 68, 144, 0, 0, 22.09%, 0, 0, 9, 169.21, 931193, 385, 0, 0
7509, 41, 95, 144, 0, 0, 22.09%, 0, 0, 9, 181.52, 932108, 385, 0, 0
7514, 41, 25, 144, 0, 0, 22.09%, 0, 0, 9, 166.91, 932934, 385, 0, 0
7519, 41, 36, 144, 0, 0, 22.09%, 0, 0, 9, 166.12, 933817, 385, 0, 0
7524, 41, 90, 144, 0, 0, 22.09%, 0, 0, 9, 166.55, 934720, 385, 0, 0
7529, 41, 140, 144, 0, 0, 22.09%, 0, 0, 9, 186.78, 935664, 385, 0, 0
7534, 41, 68, 144, 0, 0, 22.09%, 0, 0, 9, 190.88, 936550, 385, 0, 0
7539, 41, 35, 144, 0, 0, 22.09%, 0, 0, 9, 163.88, 937339, 385, 0, 0
7544, 41, 108, 144, 0, 0, 22.09%, 0, 0, 9, 147.86, 938158, 385, 0, 0
7549, 41, 38, 144, 0, 0, 22.09%, 0, 0, 9, 158.05, 939014, 385, 0, 0
7555, 41, 93, 144, 0, 0, 22.09%, 0, 0, 9, 182.21, 939949, 385, 0, 0
7560, 41, 116, 144, 0, 0, 22.09%, 0, 0, 9, 177.20, 940762, 385, 0, 0
7565, 41, 140, 144, 0, 0, 22.09%, 0, 0, 9, 164.18, 941612, 385, 0, 0
7570, 41, 78, 144, 0, 0, 22.09%, 0, 0, 9, 170.19, 942532, 385, 0, 0
7575, 41, 78, 144, 0, 0, 22.09%, 0, 0, 9, 169.88, 943403, 385, 0, 0
7580, 41, 79, 144, 0, 0, 22.09%, 0, 0, 9, 190.98, 944357, 385, 0, 0
7585, 41, 120, 144, 0, 0, 22.09%, 0, 0, 9, 151.39, 945079, 385, 0, 0
7590, 41, 38, 144, 0, 0, 22.09%, 0, 0, 9, 166.90, 945998, 385, 0, 0
7595, 41, 10, 144, 0, 0, 22.09%, 0, 0, 9, 171.37, 946874, 385, 0, 0
7600, 41, 125, 144, 0, 0, 22.09%, 0, 0, 9, 185.85, 947786, 385, 0, 0
7605, 41, 69, 144, 0, 0, 22.09%, 0, 0, 9, 192.91, 948700, 385, 0, 0
7610, 41, 116, 144, 0, 0, 22.09%, 0, 0, 9, 170.72, 949525, 385, 0, 0
7616, 41, 38, 144, 0, 0, 22.09%, 0, 0, 9, 170.92, 950467, 385, 0, 0
7621, 42, 115, 144, 0, 0, 22.09%, 0, 0, 9, 175.90, 951406, 385, 0, 0
7626, 42, 53, 144, 0, 0, 22.09%, 0, 0, 9, 170.80, 952211, 385, 0, 0
7631, 42, 114, 144, 0, 0, 22.09%, 0, 0, 9, 150.12, 952945, 385, 0, 0
7636, 42, 143, 144, 0, 0, 22.09%, 0, 0, 9, 152.78, 953810, 385, 0, 0
7641, 42, 143, 144, 0, 0, 22.09%, 0, 0, 9, 168.71, 954740, 385, 0, 0
7646, 42, 78, 144, 0, 0, 22.09%, 0, 0, 9, 174.23, 955638, 385, 0, 0
7651, 42, 114, 144, 0, 0, 22.09%, 0, 0, 9, 167.87, 956442, 385, 0, 0
7656, 42, 120, 144, 0, 0, 22.09%, 0, 0, 9, 145.06, 957098, 385, 0, 0
7662, 42, 81, 144, 0, 0, 22.09%, 0, 0, 9, 148.24, 957927, 385, 0, 0
7667, 42, 79, 144, 0, 0, 22.09%, 0, 0, 9, 189.31, 958946, 385, 0, 0
7672, 42, 116, 144, 0, 0, 22.09%, 0, 0, 9, 184.53, 959843, 385, 0, 0
7677, 42, 69, 144, 0, 0, 22.09%, 0, 0, 9, 192.36, 960756, 385, 0, 0
7682, 42, 113, 144, 0, 0, 22.09%, 0, 0, 9, 173.60, 961642, 385, 0, 0
7687, 42, 143, 144, 0, 0, 22.09%, 0, 0, 9, 154.25, 962467, 385, 0, 0
7692, 42, 143, 144, 0, 0, 22.09%, 0, 0, 9, 161.77, 963319, 385, 0, 0
7698, 42, 79, 144, 0, 0, 22.09%, 0, 0, 9, 189.62, 964288, 385, 0, 0
7703, 42, 38, 144, 0, 0, 22.09%, 0, 0, 9, 178.08, 965163, 385, 0, 0
7708, 42, 57, 144, 0, 0, 22.09%, 0, 0, 9, 149.29, 965936, 385, 0, 0
7713, 42, 95, 144, 0, 0, 22.09%, 0, 0, 9, 145.79, 966702, 385, 0, 0
7718, 42, 78, 144, 0, 0, 22.09%, 0, 0, 9, 154.10, 967498, 385, 0, 0
7723, 42, 62, 144, 0, 0, 22.09%, 0, 0, 9, 164.38, 968279, 385, 0, 0
7728, 42, 108, 144, 0, 0, 22.09%, 0, 0, 9, 132.02, 968892, 385, 0, 0
7733, 42, 27, 144, 0, 0, 22.09%, 0, 0, 9, 138.64, 969678, 385, 0, 0
7738, 42, 48, 144, 0, 0, 22.09%, 0, 0, 9, 123.50, 970328, 385, 0, 0
7743, 42, 109, 144, 0, 0, 22.09%, 0, 0, 9, 154.73, 971110, 385, 0, 0
7749, 42, 125, 144, 0, 0, 22.09%, 0, 0, 9, 164.96, 971863, 385, 0, 0
7754, 43, 114, 144, 0, 0, 22.09%, 0, 0, 9, 128.34, 972476, 385, 0, 0
7759, 43, 120, 144, 0, 0, 22.09%, 0, 0, 9, 136.15, 973237, 385, 0, 0
7764, 43, 108, 144, 0, 0, 22.09%, 0, 0, 9, 145.26, 973999, 385, 0, 0
7769, 43, 140, 144, 0, 0, 22.09%, 0, 0, 9, 150.75, 974757, 385, 0, 0
7774, 43, 95, 144, 0, 0, 22.09%, 0, 0, 9, 143.23, 975436, 385, 0, 0
7779, 43, 114, 144, 0, 0, 22.09%, 0, 0, 9, 125.58, 976074, 385, 0, 0
7784, 43, 38, 144, 0, 0, 22.09%, 0, 0, 9, 151.74, 976921, 385, 0, 0
7790, 43, 78, 144, 0, 0, 22.09%, 0, 0, 9, 174.17, 977800, 385, 0, 0
7795, 43, 116, 144, 0, 0, 22.09%, 0, 0, 9, 174.69, 978661, 385, 0, 0
7800, 43, 140, 144, 0, 0, 22.09%, 0, 0, 9, 138.03, 979298, 385, 0, 0
7805, 43, 125, 144, 0, 0, 22.09%, 0, 0, 9, 135.98, 980053, 385, 0, 0
7810, 43, 114, 144, 0, 0, 22.09%, 0, 0, 9, 131.65, 980743, 385, 0, 0
7815, 43, 27, 144, 0, 0, 22.09%, 0, 0, 9, 144.05, 981457, 385, 0, 0
7820, 43, 69, 144, 0, 0, 22.09%, 0, 0, 9, 164.33, 982223, 385, 0, 0
7825, 43, 113, 144, 0, 0, 22.09%, 0, 0, 9, 145.65, 982923, 385, 0, 0
7831, 43, 120, 144, 0, 0, 22.09%, 0, 0, 9, 128.54, 983630, 385, 0, 0
7836, 43, 140, 144, 0, 0, 22.09%, 0, 0, 9, 132.50, 984360, 385, 0, 0
7841, 43, 95, 144, 0, 0, 22.09%, 0, 0, 9, 147.38, 985075, 385, 0, 0
7846, 43, 69, 144, 0, 0, 22.09%, 0, 0, 9, 155.56, 985833, 385, 0, 0
7851, 43, 116, 144, 0, 0, 22.09%, 0, 0, 9, 128.24, 986482, 385, 0, 0
7856, 43, 125, 144, 0, 0, 22.09%, 0, 0, 9, 114.42, 987099, 385, 0, 0
7861, 43, 69, 144, 0, 0, 22.09%, 0, 0, 9, 122.68, 987725, 385, 0, 0
7861, 43, 69, 144, 0, 0, 22.09%, 0, 0, 9, 119.18, 987728, 385, 0, 0
