# relative_time, cycles_done, cur_item, corpus_count, pending_total, pending_favs, map_size, saved_crashes, saved_hangs, max_depth, execs_per_sec, total_execs, edges_found, total_crashes, servers_count
61, 20, 5, 10, 0, 0, 56.00%, 0, 0, 3, 503.01, 31102, 14, 0, 0
66, 22, 9, 10, 0, 0, 56.00%, 0, 0, 3, 502.31, 33672, 14, 0, 0
71, 23, 9, 10, 0, 0, 56.00%, 0, 0, 3, 498.24, 36181, 14, 0, 0
76, 25, 8, 10, 0, 0, 56.00%, 0, 0, 3, 499.90, 38734, 14, 0, 0
82, 27, 8, 10, 0, 0, 56.00%, 0, 0, 3, 502.80, 41302, 14, 0, 0
87, 29, 6, 10, 0, 0, 56.00%, 0, 0, 3, 506.84, 43932, 14, 0, 0
92, 30, 9, 10, 0, 0, 56.00%, 0, 0, 3, 504.39, 46532, 14, 0, 0
97, 32, 7, 10, 0, 0, 56.00%, 0, 0, 3, 506.33, 49162, 14, 0, 0
102, 34, 9, 10, 0, 0, 56.00%, 0, 0, 3, 507.43, 51802, 14, 0, 0
107, 35, 9, 10, 0, 0, 56.00%, 0, 0, 3, 504.37, 54382, 14, 0, 0
113, 36, 4, 10, 0, 0, 56.00%, 0, 0, 3, 498.55, 56908, 14, 0, 0
118, 38, 8, 10, 0, 0, 56.00%, 0, 0, 3, 504.88, 59522, 14, 0, 0
123, 40, 6, 10, 0, 0, 56.00%, 0, 0, 3, 501.85, 62032, 14, 0, 0
128, 41, 8, 10, 0, 0, 56.00%, 0, 0, 3, 505.99, 64662, 14, 0, 0
133, 43, 3, 10, 0, 0, 56.00%, 0, 0, 3, 501.15, 67262, 14, 0, 0
138, 45, 3, 10, 0, 0, 56.00%, 0, 0, 3, 501.82, 69771, 14, 0, 0
143, 46, 9, 10, 0, 0, 56.00%, 0, 0, 3, 497.90, 72335, 14, 0, 0
148, 48, 9, 10, 0, 0, 56.00%, 0, 0, 3, 494.37, 74907, 14, 0, 0
154, 49, 8, 10, 0, 0, 56.00%, 0, 0, 3, 497.23, 77434, 14, 0, 0
159, 51, 5, 10, 0, 0, 56.00%, 0, 0, 3, 501.20, 79952, 14, 0, 0
164, 53, 7, 10, 0, 0, 56.00%, 0, 0, 3, 501.18, 82462, 14, 0, 0
169, 54, 9, 10, 0, 0, 56.00%, 0, 0, 3, 500.72, 85062, 14, 0, 0
174, 56, 6, 10, 0, 0, 56.00%, 0, 0, 3, 497.92, 87571, 14, 0, 0
179, 58, 6, 10, 0, 0, 56.00%, 0, 0, 3, 495.41, 90117, 14, 0, 0
184, 59, 4, 10, 0, 0, 56.00%, 0, 0, 3, 502.08, 92671, 14, 0, 0
189, 61, 5, 10, 0, 0, 56.00%, 0, 0, 3, 502.36, 95202, 14, 0, 0
194, 63, 8, 10, 0, 0, 56.00%, 0, 0, 3, 492.07, 97743, 14, 0, 0
199, 65, 8, 10, 0, 0, 56.00%, 0, 0, 3, 497.31, 100272, 14, 0, 0
204, 66, 9, 10, 0, 0, 56.00%, 0, 0, 3, 494.96, 102844, 14, 0, 0
210, 68, 9, 10, 0, 0, 56.00%, 0, 0, 3, 500.59, 105371, 14, 0, 0
215, 70, 5, 10, 0, 0, 56.00%, 0, 0, 3, 502.75, 107922, 14, 0, 0
220, 71, 7, 10, 0, 0, 56.00%, 0, 0, 3, 498.02, 110471, 14, 0, 0
225, 73, 5, 10, 0, 0, 56.00%, 0, 0, 3, 502.93, 113012, 14, 0, 0
230, 74, 9, 10, 0, 0, 56.00%, 0, 0, 3, 504.78, 115612, 14, 0, 0
235, 76, 3, 10, 0, 0, 56.00%, 0, 0, 3, 496.09, 118090, 14, 0, 0
240, 78, 8, 10, 0, 0, 56.00%, 0, 0, 3, 501.37, 120712, 14, 0, 0
245, 79, 7, 10, 0, 0, 56.00%, 0, 0, 3, 503.26, 123271, 14, 0, 0
250, 80, 8, 10, 0, 0, 56.00%, 0, 0, 3, 500.61, 125802, 14, 0, 0
255, 82, 4, 10, 0, 0, 56.00%, 0, 0, 3, 502.91, 128371, 14, 0, 0
261, 84, 4, 10, 0, 0, 56.00%, 0, 0, 3, 504.81, 130971, 14, 0, 0
266, 85, 7, 10, 0, 0, 56.00%, 0, 0, 3, 501.67, 133522, 14, 0, 0
271, 87, 4, 10, 0, 0, 56.00%, 0, 0, 3, 502.33, 136072, 14, 0, 0
276, 89, 9, 10, 0, 0, 56.00%, 0, 0, 3, 496.06, 138612, 14, 0, 0
281, 90, 7, 10, 0, 0, 56.00%, 0, 0, 3, 501.22, 141162, 14, 0, 0
286, 92, 6, 10, 0, 0, 56.00%, 0, 0, 3, 503.78, 143742, 14, 0, 0
291, 93, 9, 10, 0, 0, 56.00%, 0, 0, 3, 498.75, 146261, 14, 0, 0
296, 95, 4, 10, 0, 0, 56.00%, 0, 0, 3, 501.01, 148802, 14, 0, 0
301, 97, 9, 10, 0, 0, 56.00%, 0, 0, 3, 504.49, 151412, 14, 0, 0
306, 98, 7, 10, 0, 0, 56.00%, 0, 0, 3, 498.79, 153962, 14, 0, 0
311, 100, 8, 10, 0, 0, 56.00%, 0, 0, 3, 499.79, 156489, 14, 0, 0
316, 101, 4, 10, 0, 0, 56.00%, 0, 0, 3, 498.73, 158971, 14, 0, 0
321, 103, 9, 10, 0, 0, 56.00%, 0, 0, 3, 499.72, 161480, 14, 0, 0
327, 105, 8, 10, 0, 0, 56.00%, 0, 0, 3, 502.43, 164042, 14, 0, 0
332, 107, 8, 10, 0, 0, 56.00%, 0, 0, 3, 503.80, 166632, 14, 0, 0
337, 108, 9, 10, 0, 0, 56.00%, 0, 0, 3, 501.23, 169152, 14, 0, 0
342, 110, 4, 10, 0, 0, 56.00%, 0, 0, 3, 501.66, 171682, 14, 0, 0
347, 111, 1, 10, 0, 0, 56.00%, 0, 0, 3, 502.65, 174242, 14, 0, 0
352, 113, 9, 10, 0, 0, 56.00%, 0, 0, 3, 499.26, 176772, 14, 0, 0
357, 114, 9, 10, 0, 0, 56.00%, 0, 0, 3, 500.32, 179362, 14, 0, 0
362, 116, 9, 10, 0, 0, 56.00%, 0, 0, 3, 495.84, 181908, 14, 0, 0
367, 118, 5, 10, 0, 0, 56.00%, 0, 0, 3, 490.64, 184444, 14, 0, 0
373, 120, 7, 10, 0, 0, 56.00%, 0, 0, 3, 483.25, 186917, 14, 0, 0
378, 121, 8, 10, 0, 0, 56.00%, 0, 0, 3, 484.27, 189399, 14, 0, 0
383, 123, 3, 10, 0, 0, 56.00%, 0, 0, 3, 490.08, 191899, 14, 0, 0
388, 124, 1, 10, 0, 0, 56.00%, 0, 0, 3, 477.66, 194362, 14, 0, 0
393, 126, 1, 10, 0, 0, 56.00%, 0, 0, 3, 489.68, 196872, 14, 0, 0
398, 128, 8, 10, 0, 0, 56.00%, 0, 0, 3, 487.87, 199370, 14, 0, 0
403, 129, 2, 10, 0, 0, 56.00%, 0, 0, 3, 483.92, 201862, 14, 0, 0
409, 131, 6, 10, 0, 0, 56.00%, 0, 0, 3, 493.29, 204408, 14, 0, 0
414, 133, 3, 10, 0, 0, 56.00%, 0, 0, 3, 499.16, 206990, 14, 0, 0
417, 134, 9, 10, 0, 0, 56.00%, 0, 0, 3, 494.20, 208547, 14, 0, 0
