# relative_time, cycles_done, cur_item, corpus_count, pending_total, pending_favs, map_size, saved_crashes, saved_hangs, max_depth, execs_per_sec, total_execs, edges_found, total_crashes, servers_count
60, 0, 0, 34, 34, 2, 14.99%, 0, 0, 2, 209.17, 12390, 168, 0, 0
65, 0, 0, 34, 34, 2, 14.99%, 0, 0, 2, 175.40, 13235, 168, 0, 0
70, 0, 0, 34, 34, 2, 14.99%, 0, 0, 2, 185.18, 14225, 168, 0, 0
75, 0, 0, 34, 34, 2, 14.99%, 0, 0, 2, 156.93, 14963, 168, 0, 0
81, 0, 0, 34, 34, 2, 14.99%, 0, 0, 2, 152.82, 15818, 168, 0, 0
86, 0, 0, 34, 34, 2, 14.99%, 0, 0, 2, 192.29, 16817, 168, 0, 0
91, 0, 0, 34, 34, 2, 14.99%, 0, 0, 2, 146.48, 17494, 168, 0, 0
96, 0, 0, 34, 34, 2, 14.99%, 0, 0, 2, 144.30, 18258, 168, 0, 0
101, 0, 0, 34, 34, 2, 14.99%, 0, 0, 2, 164.65, 19058, 168, 0, 0
106, 0, 0, 34, 34, 2, 14.99%, 0, 0, 2, 188.05, 20105, 168, 0, 0
111, 0, 0, 34, 34, 2, 14.99%, 0, 0, 2, 193.58, 21116, 168, 0, 0
116, 0, 0, 34, 34, 2, 14.99%, 0, 0, 2, 162.13, 21899, 168, 0, 0
121, 0, 0, 34, 34, 2, 14.99%, 0, 0, 2, 171.84, 22817, 168, 0, 0
127, 0, 0, 34, 34, 2, 14.99%, 0, 0, 2, 163.12, 23618, 168, 0, 0
132, 0, 0, 34, 34, 2, 14.99%, 0, 0, 2, 168.61, 24572, 168, 0, 0
137, 0, 0, 34, 34, 2, 14.99%, 0, 0, 2, 201.16, 25566, 168, 0, 0
142, 0, 1, 47, 46, 17, 15.25%, 0, 0, 2, 208.68, 26608, 171, 0, 0
147, 0, 1, 47, 46, 17, 15.25%, 0, 0, 2, 206.67, 27736, 171, 0, 0
152, 0, 1, 47, 46, 17, 15.25%, 0, 0, 2, 231.06, 28944, 171, 0, 0
157, 0, 1, 47, 46, 17, 15.25%, 0, 0, 2, 198.43, 29899, 171, 0, 0
163, 0, 1, 47, 46, 17, 15.25%, 0, 0, 2, 237.99, 31168, 171, 0, 0
168, 0, 1, 47, 46, 17, 15.25%, 0, 0, 2, 210.41, 32180, 171, 0, 0
173, 0, 1, 47, 46, 17, 15.25%, 0, 0, 2, 213.77, 33356, 171, 0, 0
178, 0, 1, 47, 46, 17, 15.25%, 0, 0, 2, 209.90, 34345, 171, 0, 0
183, 0, 1, 47, 46, 17, 15.25%, 0, 0, 2, 163.88, 35149, 171, 0, 0
188, 0, 1, 47, 46, 17, 15.25%, 0, 0, 2, 198.40, 36152, 171, 0, 0
193, 0, 1, 47, 46, 17, 15.25%, 0, 0, 2, 203.91, 37192, 171, 0, 0
198, 0, 1, 47, 46, 17, 15.25%, 0, 0, 2, 203.96, 38300, 171, 0, 0
203, 0, 1, 47, 46, 17, 15.25%, 0, 0, 2, 192.90, 39202, 171, 0, 0
208, 0, 1, 47, 46, 17, 15.25%, 0, 0, 2, 179.26, 40171, 171, 0, 0
214, 0, 1, 47, 46, 17, 15.25%, 0, 0, 2, 231.16, 41412, 171, 0, 0
219, 0, 1, 47, 46, 17, 15.25%, 0, 0, 2, 191.77, 42370, 171, 0, 0
224, 0, 1, 47, 46, 17, 15.25%, 0, 0, 2, 188.96, 43366, 171, 0, 0
229, 0, 1, 47, 46, 17, 15.25%, 0, 0, 2, 194.79, 44287, 171, 0, 0
234, 0, 1, 47, 46, 17, 15.25%, 0, 0, 2, 173.50, 45190, 171, 0, 0
239, 0, 1, 47, 46, 17, 15.25%, 0, 0, 2, 226.68, 46388, 171, 0, 0
244, 0, 1, 47, 46, 17, 15.25%, 0, 0, 2, 237.20, 47572, 171, 0, 0
249, 0, 1, 47, 46, 17, 15.25%, 0, 0, 2, 253.91, 48894, 171, 0, 0
254, 0, 1, 47, 46, 17, 15.25%, 0, 0, 2, 244.64, 50088, 171, 0, 0
259, 0, 1, 47, 46, 17, 15.25%, 0, 0, 2, 240.37, 51356, 171, 0, 0
264, 0, 12, 49, 45, 16, 15.34%, 0, 0, 3, 243.16, 52535, 172, 0, 0
269, 0, 16, 51, 46, 14, 15.34%, 0, 0, 3, 185.81, 53400, 172, 0, 0
275, 0, 19, 54, 47, 13, 15.88%, 0, 0, 3, 187.82, 54400, 178, 0, 0
280, 0, 19, 55, 48, 13, 15.88%, 0, 0, 3, 215.35, 55462, 178, 0, 0
285, 0, 19, 55, 48, 13, 15.88%, 0, 0, 3, 194.25, 56516, 178, 0, 0
290, 0, 32, 55, 44, 12, 15.88%, 0, 0, 3, 204.14, 57533, 178, 0, 0
295, 0, 35, 55, 41, 9, 15.88%, 0, 0, 3, 148.02, 58241, 178, 0, 0
300, 0, 48, 55, 35, 3, 15.88%, 0, 0, 3, 181.46, 59196, 178, 0, 0
305, 0, 6, 56, 33, 1, 16.50%, 0, 0, 4, 214.57, 60271, 185, 0, 0
310, 0, 51, 56, 31, 0, 16.50%, 0, 0, 4, 180.49, 61287, 185, 0, 0
315, 0, 51, 56, 31, 0, 16.50%, 0, 0, 4, 194.83, 62245, 185, 0, 0
321, 0, 28, 56, 31, 0, 16.50%, 0, 0, 4, 164.38, 63073, 185, 0, 0
326, 0, 17, 56, 30, 0, 16.50%, 0, 0, 4, 194.43, 64131, 185, 0, 0
331, 0, 28, 56, 28, 0, 16.50%, 0, 0, 4, 192.30, 65122, 185, 0, 0
336, 0, 28, 56, 28, 0, 16.50%, 0, 0, 4, 165.13, 65973, 185, 0, 0
341, 0, 48, 56, 28, 0, 16.50%, 0, 0, 4, 209.86, 67068, 185, 0, 0
346, 1, 15, 56, 27, 0, 16.50%, 0, 0, 4, 190.81, 68030, 185, 0, 0
351, 1, 17, 56, 26, 0, 16.50%, 0, 0, 4, 198.48, 69110, 185, 0, 0
357, 1, 12, 56, 24, 0, 16.50%, 0, 0, 4, 212.95, 70174, 185, 0, 0
362, 1, 1, 56, 24, 0, 16.50%, 0, 0, 4, 178.87, 71113, 185, 0, 0
367, 1, 28, 56, 22, 0, 16.50%, 0, 0, 4, 216.13, 72236, 185, 0, 0
372, 1, 10, 56, 22, 0, 16.50%, 0, 0, 4, 195.12, 73211, 185, 0, 0
377, 1, 47, 56, 22, 0, 16.50%, 0, 0, 4, 187.69, 74207, 185, 0, 0
382, 1, 4, 56, 20, 0, 16.50%, 0, 0, 4, 193.59, 75117, 185, 0, 0
387, 1, 41, 56, 17, 0, 16.50%, 0, 0, 4, 210.67, 76236, 185, 0, 0
392, 1, 51, 57, 15, 0, 16.50%, 0, 0, 4, 230.00, 77395, 185, 0, 0
397, 1, 10, 57, 15, 0, 16.50%, 0, 0, 4, 196.55, 78313, 185, 0, 0
402, 1, 38, 58, 16, 0, 16.50%, 0, 0, 4, 223.84, 79548, 185, 0, 0
407, 2, 52, 58, 14, 0, 16.50%, 0, 0, 4, 219.48, 80663, 185, 0, 0
413, 2, 28, 58, 12, 0, 16.50%, 0, 0, 4, 209.54, 81718, 185, 0, 0
418, 2, 28, 58, 12, 0, 16.50%, 0, 0, 4, 216.03, 82815, 185, 0, 0
423, 2, 51, 58, 12, 0, 16.50%, 0, 0, 4, 192.84, 83774, 185, 0, 0
428, 2, 1, 58, 12, 0, 16.50%, 0, 0, 4, 222.08, 84997, 185, 0, 0
433, 2, 51, 58, 12, 0, 16.50%, 0, 0, 4, 240.26, 86203, 185, 0, 0
438, 2, 51, 58, 12, 0, 16.50%, 0, 0, 4, 213.47, 87321, 185, 0, 0
444, 2, 56, 58, 12, 0, 16.50%, 0, 0, 4, 243.41, 88579, 185, 0, 0
449, 2, 31, 58, 12, 0, 16.50%, 0, 0, 4, 186.25, 89524, 185, 0, 0
454, 2, 3, 58, 12, 0, 16.50%, 0, 0, 4, 222.60, 90751, 185, 0, 0
459, 2, 44, 58, 12, 0, 16.50%, 0, 0, 4, 246.32, 91962, 185, 0, 0
464, 2, 8, 58, 11, 0, 16.50%, 0, 0, 4, 212.50, 92982, 185, 0, 0
469, 3, 8, 58, 11, 0, 16.50%, 0, 0, 4, 215.76, 94096, 185, 0, 0
474, 3, 10, 58, 11, 0, 16.50%, 0, 0, 4, 186.68, 94977, 185, 0, 0
480, 3, 1, 58, 11, 0, 16.50%, 0, 0, 4, 190.68, 95998, 185, 0, 0
485, 3, 3, 58, 11, 0, 16.50%, 0, 0, 4, 211.11, 97062, 185, 0, 0
490, 3, 10, 58, 11, 0, 16.50%, 0, 0, 4, 166.47, 97872, 185, 0, 0
495, 3, 52, 58, 10, 0, 16.50%, 0, 0, 4, 166.06, 98704, 185, 0, 0
500, 3, 48, 58, 10, 0, 16.50%, 0, 0, 4, 168.10, 99550, 185, 0, 0
505, 3, 1, 58, 10, 0, 16.50%, 0, 0, 4, 174.20, 100492, 185, 0, 0
510, 3, 55, 58, 10, 0, 16.50%, 0, 0, 4, 231.37, 101645, 185, 0, 0
515, 3, 31, 58, 10, 0, 16.50%, 0, 0, 4, 209.58, 102691, 185, 0, 0
520, 3, 10, 58, 10, 0, 16.50%, 0, 0, 4, 226.05, 103831, 185, 0, 0
525, 3, 2, 58, 10, 0, 16.50%, 0, 0, 4, 206.16, 104864, 185, 0, 0
530, 4, 44, 58, 9, 0, 16.50%, 0, 0, 4, 210.88, 106002, 185, 0, 0
536, 4, 32, 58, 8, 0, 16.50%, 0, 0, 4, 258.47, 107318, 185, 0, 0
541, 4, 51, 58, 8, 0, 16.50%, 0, 0, 4, 210.78, 108383, 185, 0, 0
546, 4, 32, 58, 8, 0, 16.50%, 0, 0, 4, 199.36, 109367, 185, 0, 0
551, 4, 52, 58, 8, 0, 16.50%, 0, 0, 4, 165.43, 110187, 185, 0, 0
556, 4, 1, 58, 7, 0, 16.50%, 0, 0, 4, 180.70, 111206, 185, 0, 0
561, 4, 51, 58, 7, 0, 16.50%, 0, 0, 4, 215.80, 112228, 185, 0, 0
567, 4, 1, 58, 7, 0, 16.50%, 0, 0, 4, 181.40, 113112, 185, 0, 0
572, 4, 14, 58, 7, 0, 16.50%, 0, 0, 4, 205.84, 114172, 185, 0, 0
577, 4, 15, 58, 7, 0, 16.50%, 0, 0, 4, 211.09, 115274, 185, 0, 0
582, 4, 30, 58, 7, 0, 16.50%, 0, 0, 4, 234.63, 116512, 185, 0, 0
587, 4, 9, 58, 6, 0, 16.50%, 0, 0, 4, 253.72, 117737, 185, 0, 0
592, 5, 9, 58, 6, 0, 16.50%, 0, 0, 4, 207.02, 118717, 185, 0, 0
597, 5, 53, 58, 6, 0, 16.50%, 0, 0, 4, 221.61, 119881, 185, 0, 0
602, 5, 48, 58, 6, 0, 16.50%, 0, 0, 4, 169.94, 120674, 185, 0, 0
607, 5, 17, 58, 5, 0, 16.50%, 0, 0, 4, 179.25, 121643, 185, 0, 0
612, 5, 30, 58, 5, 0, 16.50%, 0, 0, 4, 211.92, 122640, 185, 0, 0
617, 5, 10, 58, 5, 0, 16.50%, 0, 0, 4, 171.19, 123484, 185, 0, 0
622, 5, 52, 58, 5, 0, 16.50%, 0, 0, 4, 198.76, 124498, 185, 0, 0
627, 5, 30, 58, 5, 0, 16.50%, 0, 0, 4, 165.00, 125287, 185, 0, 0
633, 5, 52, 58, 5, 0, 16.50%, 0, 0, 4, 180.80, 126302, 185, 0, 0
638, 5, 30, 58, 5, 0, 16.50%, 0, 0, 4, 215.16, 127306, 185, 0, 0
643, 5, 17, 58, 5, 0, 16.50%, 0, 0, 4, 169.72, 128090, 185, 0, 0
648, 5, 49, 58, 5, 0, 16.50%, 0, 0, 4, 200.20, 129116, 185, 0, 0
653, 6, 32, 58, 5, 0, 16.50%, 0, 0, 4, 196.15, 130128, 185, 0, 0
658, 6, 55, 58, 5, 0, 16.50%, 0, 0, 4, 188.47, 131194, 185, 0, 0
664, 6, 31, 58, 5, 0, 16.50%, 0, 0, 4, 218.98, 132236, 185, 0, 0
669, 6, 15, 58, 5, 0, 16.50%, 0, 0, 4, 181.68, 133126, 185, 0, 0
674, 6, 52, 58, 5, 0, 16.50%, 0, 0, 4, 193.12, 134171, 185, 0, 0
679, 6, 20, 58, 5, 0, 16.50%, 0, 0, 4, 152.41, 134903, 185, 0, 0
684, 6, 31, 58, 5, 0, 16.50%, 0, 0, 4, 156.41, 135802, 185, 0, 0
689, 6, 28, 58, 5, 0, 16.50%, 0, 0, 4, 206.94, 136750, 185, 0, 0
694, 6, 1, 58, 4, 0, 16.50%, 0, 0, 4, 196.19, 137725, 185, 0, 0
699, 6, 51, 58, 4, 0, 16.50%, 0, 0, 4, 205.33, 138775, 185, 0, 0
704, 6, 30, 58, 4, 0, 16.50%, 0, 0, 4, 167.43, 139614, 185, 0, 0
709, 6, 3, 58, 4, 0, 16.50%, 0, 0, 4, 169.09, 140508, 185, 0, 0
715, 6, 48, 58, 4, 0, 16.50%, 0, 0, 4, 208.22, 141513, 185, 0, 0
720, 6, 30, 58, 4, 0, 16.50%, 0, 0, 4, 170.60, 142350, 185, 0, 0
725, 7, 32, 58, 4, 0, 16.50%, 0, 0, 4, 194.94, 143366, 185, 0, 0
730, 7, 53, 58, 4, 0, 16.50%, 0, 0, 4, 166.62, 144159, 185, 0, 0
735, 7, 52, 58, 4, 0, 16.50%, 0, 0, 4, 176.28, 145133, 185, 0, 0
740, 7, 32, 58, 4, 0, 16.50%, 0, 0, 4, 241.48, 146347, 185, 0, 0
745, 7, 1, 58, 4, 0, 16.50%, 0, 0, 4, 182.66, 147292, 185, 0, 0
750, 7, 51, 58, 4, 0, 16.50%, 0, 0, 4, 188.01, 148226, 185, 0, 0
755, 7, 9, 58, 4, 0, 16.50%, 0, 0, 4, 193.59, 149234, 185, 0, 0
761, 7, 30, 58, 4, 0, 16.50%, 0, 0, 4, 218.22, 150453, 185, 0, 0
766, 7, 8, 58, 4, 0, 16.50%, 0, 0, 4, 258.79, 151681, 185, 0, 0
771, 7, 15, 58, 4, 0, 16.50%, 0, 0, 4, 212.50, 152699, 185, 0, 0
776, 7, 10, 58, 4, 0, 16.50%, 0, 0, 4, 235.96, 153933, 185, 0, 0
3039, 7, 1, 58, 4, 0, 16.50%, 0, 0, 4, 0.02, 154318, 185, 0, 0
3044, 8, 9, 58, 4, 0, 16.50%, 0, 0, 4, 126.21, 154950, 185, 0, 0
3049, 8, 51, 58, 4, 0, 16.50%, 0, 0, 4, 172.04, 155837, 185, 0, 0
3054, 8, 53, 58, 4, 0, 16.50%, 0, 0, 4, 152.40, 156564, 185, 0, 0
3059, 8, 51, 58, 4, 0, 16.50%, 0, 0, 4, 208.59, 157684, 185, 0, 0
3064, 8, 1, 58, 4, 0, 16.50%, 0, 0, 4, 186.02, 158657, 185, 0, 0
3069, 8, 31, 58, 4, 0, 16.50%, 0, 0, 4, 176.21, 159626, 185, 0, 0
3074, 8, 53, 58, 4, 0, 16.50%, 0, 0, 4, 219.31, 160728, 185, 0, 0
3079, 8, 32, 58, 4, 0, 16.50%, 0, 0, 4, 225.73, 161900, 185, 0, 0
3085, 8, 17, 58, 4, 0, 16.50%, 0, 0, 4, 216.30, 163020, 185, 0, 0
3090, 8, 28, 58, 4, 0, 16.50%, 0, 0, 4, 182.87, 163937, 185, 0, 0
3095, 8, 8, 58, 4, 0, 16.50%, 0, 0, 4, 180.05, 164907, 185, 0, 0
3100, 8, 31, 58, 4, 0, 16.50%, 0, 0, 4, 219.47, 166002, 185, 0, 0
3105, 9, 48, 58, 4, 0, 16.50%, 0, 0, 4, 189.10, 166892, 185, 0, 0
3110, 9, 17, 58, 4, 0, 16.50%, 0, 0, 4, 234.78, 168148, 185, 0, 0
3115, 9, 1, 58, 4, 0, 16.50%, 0, 0, 4, 240.40, 169368, 185, 0, 0
3120, 9, 32, 58, 4, 0, 16.50%, 0, 0, 4, 240.50, 170664, 185, 0, 0
3125, 9, 53, 59, 4, 0, 16.50%, 0, 0, 4, 258.15, 171953, 185, 0, 0
3130, 9, 40, 59, 4, 0, 16.50%, 0, 0, 4, 228.74, 173068, 185, 0, 0
3135, 9, 52, 59, 3, 0, 16.50%, 0, 0, 4, 244.74, 174362, 185, 0, 0
3141, 9, 17, 59, 3, 0, 16.50%, 0, 0, 4, 245.10, 175606, 185, 0, 0
3141, 9, 20, 59, 3, 0, 16.50%, 0, 0, 4, 244.01, 175700, 185, 0, 0
