# relative_time, cycles_done, cur_item, corpus_count, pending_total, pending_favs, map_size, saved_crashes, saved_hangs, max_depth, execs_per_sec, total_execs, edges_found, total_crashes, servers_count
61, 1, 0, 2, 0, 0, 8.82%, 1, 0, 1, 21.75, 1386, 3, 745, 0
66, 1, 0, 2, 0, 0, 8.82%, 1, 0, 1, 24.09, 1513, 3, 825, 0
71, 2, 0, 2, 0, 0, 8.82%, 1, 0, 1, 23.28, 1626, 3, 883, 0
76, 2, 0, 2, 0, 0, 8.82%, 1, 0, 1, 23.68, 1743, 3, 947, 0
81, 2, 0, 2, 0, 0, 8.82%, 1, 0, 1, 22.74, 1854, 3, 1002, 0
86, 2, 0, 2, 0, 0, 8.82%, 1, 0, 1, 22.91, 1974, 3, 1067, 0
91, 2, 0, 2, 0, 0, 8.82%, 1, 0, 1, 22.36, 2089, 3, 1129, 0
96, 2, 0, 2, 0, 0, 8.82%, 1, 0, 1, 22.99, 2203, 3, 1190, 0
101, 2, 0, 2, 0, 0, 8.82%, 1, 0, 1, 22.43, 2313, 3, 1243, 0
107, 3, 0, 2, 0, 0, 8.82%, 1, 0, 1, 20.13, 2413, 3, 1279, 0
112, 3, 0, 2, 0, 0, 8.82%, 1, 0, 1, 21.70, 2523, 3, 1335, 0
117, 3, 0, 2, 0, 0, 8.82%, 1, 0, 1, 22.59, 2634, 3, 1387, 0
122, 3, 0, 2, 0, 0, 8.82%, 1, 0, 1, 20.23, 2735, 3, 1425, 0
127, 3, 0, 2, 0, 0, 8.82%, 1, 0, 1, 20.27, 2843, 3, 1474, 0
132, 3, 0, 2, 0, 0, 8.82%, 1, 0, 1, 18.32, 2932, 3, 1498, 0
137, 3, 0, 2, 0, 0, 8.82%, 1, 0, 1, 19.40, 3032, 3, 1538, 0
142, 3, 0, 2, 0, 0, 8.82%, 1, 0, 1, 19.55, 3130, 3, 1572, 0
148, 4, 0, 2, 0, 0, 8.82%, 1, 0, 1, 21.42, 3241, 3, 1627, 0
153, 4, 0, 2, 0, 0, 8.82%, 1, 0, 1, 20.90, 3347, 3, 1672, 0
158, 4, 0, 2, 0, 0, 8.82%, 1, 0, 1, 19.03, 3443, 3, 1701, 0
163, 4, 0, 2, 0, 0, 8.82%, 1, 0, 1, 20.33, 3552, 3, 1757, 0
168, 4, 0, 2, 0, 0, 8.82%, 1, 0, 1, 19.12, 3640, 3, 1788, 0
173, 4, 0, 2, 0, 0, 8.82%, 1, 0, 1, 17.91, 3734, 3, 1818, 0
178, 4, 0, 2, 0, 0, 8.82%, 1, 0, 1, 19.65, 3835, 3, 1853, 0
184, 4, 0, 2, 0, 0, 8.82%, 1, 0, 1, 19.67, 3936, 3, 1891, 0
189, 5, 0, 2, 0, 0, 8.82%, 1, 0, 1, 20.55, 4038, 3, 1935, 0
194, 5, 0, 2, 0, 0, 8.82%, 1, 0, 1, 19.28, 4134, 3, 1966, 0
199, 5, 0, 2, 0, 0, 8.82%, 1, 0, 1, 20.40, 4240, 3, 2011, 0
204, 5, 0, 2, 0, 0, 8.82%, 1, 0, 1, 21.68, 4353, 3, 2068, 0
209, 5, 0, 2, 0, 0, 8.82%, 1, 0, 1, 21.04, 4453, 3, 2108, 0
214, 5, 0, 2, 0, 0, 8.82%, 1, 0, 1, 17.96, 4540, 3, 2127, 0
219, 5, 0, 2, 0, 0, 8.82%, 1, 0, 1, 19.99, 4645, 3, 2172, 0
224, 5, 0, 2, 0, 0, 8.82%, 1, 0, 1, 21.94, 4760, 3, 2233, 0
229, 6, 0, 2, 0, 0, 8.82%, 1, 0, 1, 21.33, 4869, 3, 2282, 0
235, 6, 0, 2, 0, 0, 8.82%, 1, 0, 1, 20.21, 4973, 3, 2327, 0
240, 6, 0, 2, 0, 0, 8.82%, 1, 0, 1, 21.28, 5084, 3, 2380, 0
245, 6, 0, 2, 0, 0, 8.82%, 1, 0, 1, 20.37, 5187, 3, 2425, 0
250, 6, 0, 2, 0, 0, 8.82%, 1, 0, 1, 20.90, 5295, 3, 2478, 0
255, 6, 0, 2, 0, 0, 8.82%, 1, 0, 1, 23.30, 5411, 3, 2537, 0
260, 6, 0, 2, 0, 0, 8.82%, 1, 0, 1, 22.46, 5525, 3, 2594, 0
266, 7, 0, 2, 0, 0, 8.82%, 1, 0, 1, 20.77, 5629, 3, 2637, 0
271, 7, 0, 2, 0, 0, 8.82%, 1, 0, 1, 20.00, 5730, 3, 2677, 0
276, 7, 0, 2, 0, 0, 8.82%, 1, 0, 1, 20.13, 5836, 3, 2726, 0
281, 7, 0, 2, 0, 0, 8.82%, 1, 0, 1, 19.63, 5937, 3, 2764, 0
286, 7, 0, 2, 0, 0, 8.82%, 1, 0, 1, 19.72, 6044, 3, 2810, 0
291, 7, 0, 2, 0, 0, 8.82%, 1, 0, 1, 18.47, 6139, 3, 2837, 0
297, 7, 0, 2, 0, 0, 8.82%, 1, 0, 1, 19.82, 6239, 3, 2875, 0
302, 7, 0, 2, 0, 0, 8.82%, 1, 0, 1, 18.23, 6333, 3, 2902, 0
307, 8, 0, 2, 0, 0, 8.82%, 1, 0, 1, 16.35, 6414, 3, 2912, 0
312, 8, 0, 2, 0, 0, 8.82%, 1, 0, 1, 16.89, 6502, 3, 2933, 0
317, 8, 0, 2, 0, 0, 8.82%, 1, 0, 1, 16.20, 6582, 3, 2943, 0
322, 8, 0, 2, 0, 0, 8.82%, 1, 0, 1, 15.77, 6665, 3, 2951, 0
327, 8, 0, 2, 0, 0, 8.82%, 1, 0, 1, 16.50, 6754, 3, 2971, 0
333, 8, 0, 2, 0, 0, 8.82%, 1, 0, 1, 16.42, 6836, 3, 2982, 0
338, 8, 0, 2, 0, 0, 8.82%, 1, 0, 1, 16.12, 6917, 3, 2994, 0
343, 8, 0, 2, 0, 0, 8.82%, 1, 0, 1, 15.98, 6998, 3, 3003, 0
348, 8, 0, 2, 0, 0, 8.82%, 1, 0, 1, 16.96, 7087, 3, 3024, 0
353, 8, 0, 2, 0, 0, 8.82%, 1, 0, 1, 16.32, 7170, 3, 3037, 0
358, 9, 0, 2, 0, 0, 8.82%, 1, 0, 1, 16.36, 7253, 3, 3052, 0
363, 9, 0, 2, 0, 0, 8.82%, 1, 0, 1, 16.46, 7340, 3, 3067, 0
368, 9, 0, 2, 0, 0, 8.82%, 1, 0, 1, 15.87, 7419, 3, 3075, 0
373, 9, 0, 2, 0, 0, 8.82%, 1, 0, 1, 16.70, 7507, 3, 3098, 0
378, 9, 0, 2, 0, 0, 8.82%, 1, 0, 1, 16.87, 7592, 3, 3116, 0
383, 9, 0, 2, 0, 0, 8.82%, 1, 0, 1, 16.00, 7672, 3, 3123, 0
389, 9, 0, 2, 0, 0, 8.82%, 1, 0, 1, 16.66, 7758, 3, 3137, 0
394, 9, 0, 2, 0, 0, 8.82%, 1, 0, 1, 16.72, 7845, 3, 3157, 0
399, 9, 0, 2, 0, 0, 8.82%, 1, 0, 1, 16.89, 7931, 3, 3178, 0
404, 10, 0, 2, 0, 0, 8.82%, 1, 0, 1, 20.40, 8037, 3, 3230, 0
409, 10, 0, 2, 0, 0, 8.82%, 1, 0, 1, 20.66, 8143, 3, 3279, 0
414, 10, 0, 2, 0, 0, 8.82%, 1, 0, 1, 21.60, 8253, 3, 3332, 0
419, 10, 0, 2, 0, 0, 8.82%, 1, 0, 1, 18.81, 8345, 3, 3359, 0
424, 10, 0, 2, 0, 0, 8.82%, 1, 0, 1, 20.70, 8457, 3, 3423, 0
430, 10, 0, 2, 0, 0, 8.82%, 1, 0, 1, 20.29, 8558, 3, 3464, 0
435, 10, 0, 2, 0, 0, 8.82%, 1, 0, 1, 18.08, 8647, 3, 3488, 0
440, 10, 0, 2, 0, 0, 8.82%, 1, 0, 1, 18.31, 8743, 3, 3522, 0
445, 11, 0, 2, 0, 0, 8.82%, 1, 0, 1, 19.30, 8844, 3, 3564, 0
450, 11, 0, 2, 0, 0, 8.82%, 1, 0, 1, 19.49, 8944, 3, 3601, 0
455, 11, 0, 2, 0, 0, 8.82%, 1, 0, 1, 18.60, 9038, 3, 3628, 0
460, 11, 0, 2, 0, 0, 8.82%, 1, 0, 1, 18.01, 9131, 3, 3654, 0
465, 11, 0, 2, 0, 0, 8.82%, 1, 0, 1, 19.25, 9230, 3, 3690, 0
470, 11, 0, 2, 0, 0, 8.82%, 1, 0, 1, 18.46, 9324, 3, 3719, 0
475, 11, 0, 2, 0, 0, 8.82%, 1, 0, 1, 18.00, 9413, 3, 3742, 0
480, 11, 0, 2, 0, 0, 8.82%, 1, 0, 1, 18.31, 9509, 3, 3771, 0
485, 11, 0, 2, 0, 0, 8.82%, 1, 0, 1, 17.55, 9600, 3, 3797, 0
490, 12, 0, 2, 0, 0, 8.82%, 1, 0, 1, 17.40, 9686, 3, 3815, 0
496, 12, 0, 2, 0, 0, 8.82%, 1, 0, 1, 19.21, 9790, 3, 3858, 0
501, 12, 0, 2, 0, 0, 8.82%, 1, 0, 1, 18.78, 9884, 3, 3884, 0
506, 12, 0, 2, 0, 0, 8.82%, 1, 0, 1, 17.75, 9974, 3, 3908, 0
511, 12, 0, 2, 0, 0, 8.82%, 1, 0, 1, 18.14, 10067, 3, 3935, 0
516, 12, 0, 2, 0, 0, 8.82%, 1, 0, 1, 19.77, 10168, 3, 3970, 0
521, 12, 0, 2, 0, 0, 8.82%, 1, 0, 1, 20.83, 10278, 3, 4022, 0
526, 12, 0, 2, 0, 0, 8.82%, 1, 0, 1, 18.84, 10369, 3, 4044, 0
531, 13, 0, 2, 0, 0, 8.82%, 1, 0, 1, 18.70, 10464, 3, 4075, 0
537, 13, 0, 2, 0, 0, 8.82%, 1, 0, 1, 20.22, 10565, 3, 4115, 0
542, 13, 0, 2, 0, 0, 8.82%, 1, 0, 1, 18.82, 10658, 3, 4142, 0
547, 13, 0, 2, 0, 0, 8.82%, 1, 0, 1, 18.91, 10755, 3, 4174, 0
552, 13, 0, 2, 0, 0, 8.82%, 1, 0, 1, 19.36, 10853, 3, 4207, 0
557, 13, 0, 2, 0, 0, 8.82%, 1, 0, 1, 18.35, 10947, 3, 4239, 0
562, 13, 0, 2, 0, 0, 8.82%, 1, 0, 1, 19.38, 11046, 3, 4277, 0
567, 13, 0, 2, 0, 0, 8.82%, 1, 0, 1, 18.67, 11140, 3, 4306, 0
572, 14, 0, 2, 0, 0, 8.82%, 1, 0, 1, 18.75, 11233, 3, 4332, 0
578, 14, 0, 2, 0, 0, 8.82%, 1, 0, 1, 19.03, 11333, 3, 4367, 0
583, 14, 0, 2, 0, 0, 8.82%, 1, 0, 1, 18.89, 11427, 3, 4398, 0
588, 14, 0, 2, 0, 0, 8.82%, 1, 0, 1, 18.62, 11524, 3, 4431, 0
593, 14, 0, 2, 0, 0, 8.82%, 1, 0, 1, 18.98, 11621, 3, 4466, 0
598, 14, 0, 2, 0, 0, 8.82%, 1, 0, 1, 19.22, 11713, 3, 4495, 0
603, 14, 0, 2, 0, 0, 8.82%, 1, 0, 1, 18.21, 11805, 3, 4518, 0
608, 14, 0, 2, 0, 0, 8.82%, 1, 0, 1, 16.94, 11891, 3, 4535, 0
613, 14, 0, 2, 0, 0, 8.82%, 1, 0, 1, 16.06, 11973, 3, 4545, 0
618, 15, 0, 2, 0, 0, 8.82%, 1, 0, 1, 15.71, 12051, 3, 4550, 0
623, 15, 0, 2, 0, 0, 8.82%, 1, 0, 1, 16.95, 12143, 3, 4574, 0
629, 15, 0, 2, 0, 0, 8.82%, 1, 0, 1, 17.89, 12230, 3, 4594, 0
634, 15, 0, 2, 0, 0, 8.82%, 1, 0, 1, 17.67, 12319, 3, 4613, 0
639, 15, 0, 2, 0, 0, 8.82%, 1, 0, 1, 16.43, 12400, 3, 4624, 0
644, 15, 0, 2, 0, 0, 8.82%, 1, 0, 1, 15.68, 12480, 3, 4630, 0
649, 15, 0, 2, 0, 0, 8.82%, 1, 0, 1, 17.46, 12569, 3, 4651, 0
654, 15, 0, 2, 0, 0, 8.82%, 1, 0, 1, 15.85, 12648, 3, 4655, 0
659, 15, 0, 2, 0, 0, 8.82%, 1, 0, 1, 15.55, 12728, 3, 4660, 0
664, 16, 0, 2, 0, 0, 8.82%, 1, 0, 1, 16.85, 12814, 3, 4674, 0
670, 16, 0, 2, 0, 0, 8.82%, 1, 0, 1, 15.93, 12896, 3, 4680, 0
675, 16, 0, 2, 0, 0, 8.82%, 1, 0, 1, 15.87, 12975, 3, 4686, 0
680, 16, 0, 2, 0, 0, 8.82%, 1, 0, 1, 16.74, 13063, 3, 4700, 0
685, 16, 0, 2, 0, 0, 8.82%, 1, 0, 1, 16.07, 13146, 3, 4711, 0
690, 16, 0, 2, 0, 0, 8.82%, 1, 0, 1, 16.73, 13231, 3, 4728, 0
695, 16, 0, 2, 0, 0, 8.82%, 1, 0, 1, 18.30, 13326, 3, 4756, 0
700, 16, 0, 2, 0, 0, 8.82%, 1, 0, 1, 16.89, 13413, 3, 4769, 0
706, 16, 0, 2, 0, 0, 8.82%, 1, 0, 1, 15.77, 13491, 3, 4773, 0
711, 16, 0, 2, 0, 0, 8.82%, 1, 0, 1, 15.25, 13569, 3, 4778, 0
716, 17, 0, 2, 0, 0, 8.82%, 1, 0, 1, 15.09, 13647, 3, 4781, 0
721, 17, 0, 2, 0, 0, 8.82%, 1, 0, 1, 15.13, 13724, 3, 4785, 0
726, 17, 0, 2, 0, 0, 8.82%, 1, 0, 1, 15.27, 13803, 3, 4789, 0
731, 17, 0, 2, 0, 0, 8.82%, 1, 0, 1, 15.46, 13881, 3, 4795, 0
736, 17, 0, 2, 0, 0, 8.82%, 1, 0, 1, 18.05, 13975, 3, 4826, 0
741, 17, 0, 2, 0, 0, 8.82%, 1, 0, 1, 17.91, 14066, 3, 4851, 0
746, 17, 0, 2, 0, 0, 8.82%, 1, 0, 1, 19.68, 14166, 3, 4888, 0
751, 17, 0, 2, 0, 0, 8.82%, 1, 0, 1, 19.57, 14266, 3, 4931, 0
756, 17, 0, 2, 0, 0, 8.82%, 1, 0, 1, 18.46, 14359, 3, 4957, 0
762, 18, 0, 2, 0, 0, 8.82%, 1, 0, 1, 16.79, 14442, 3, 4967, 0
767, 18, 0, 2, 0, 0, 8.82%, 1, 0, 1, 17.35, 14529, 3, 4984, 0
772, 18, 0, 2, 0, 0, 8.82%, 1, 0, 1, 17.10, 14620, 3, 5005, 0
777, 18, 0, 2, 0, 0, 8.82%, 1, 0, 1, 17.79, 14714, 3, 5032, 0
782, 18, 0, 2, 0, 0, 8.82%, 1, 0, 1, 18.59, 14809, 3, 5063, 0
787, 18, 0, 2, 0, 0, 8.82%, 1, 0, 1, 18.10, 14900, 3, 5087, 0
792, 18, 0, 2, 0, 0, 8.82%, 1, 0, 1, 16.95, 14986, 3, 5099, 0
797, 18, 0, 2, 0, 0, 8.82%, 1, 0, 1, 17.32, 15078, 3, 5122, 0
803, 18, 0, 2, 0, 0, 8.82%, 1, 0, 1, 17.49, 15173, 3, 5150, 0
808, 19, 0, 2, 0, 0, 8.82%, 1, 0, 1, 17.85, 15263, 3, 5171, 0
813, 19, 0, 2, 0, 0, 8.82%, 1, 0, 1, 17.85, 15348, 3, 5187, 0
818, 19, 0, 2, 0, 0, 8.82%, 1, 0, 1, 16.67, 15431, 3, 5198, 0
823, 19, 0, 2, 0, 0, 8.82%, 1, 0, 1, 17.42, 15524, 3, 5224, 0
828, 19, 0, 2, 0, 0, 8.82%, 1, 0, 1, 16.76, 15608, 3, 5235, 0
833, 19, 0, 2, 0, 0, 8.82%, 1, 0, 1, 18.81, 15704, 3, 5264, 0
839, 19, 0, 2, 0, 0, 8.82%, 1, 0, 1, 16.12, 15783, 3, 5268, 0
844, 19, 0, 2, 0, 0, 8.82%, 1, 0, 1, 16.70, 15871, 3, 5283, 0
849, 19, 0, 2, 0, 0, 8.82%, 1, 0, 1, 16.40, 15954, 3, 5297, 0
854, 20, 0, 2, 0, 0, 8.82%, 1, 0, 1, 17.03, 16039, 3, 5314, 0
859, 20, 0, 2, 0, 0, 8.82%, 1, 0, 1, 18.04, 16130, 3, 5338, 0
864, 20, 0, 2, 0, 0, 8.82%, 1, 0, 1, 18.59, 16222, 3, 5364, 0
869, 20, 0, 2, 0, 0, 8.82%, 1, 0, 1, 17.59, 16312, 3, 5384, 0
874, 20, 0, 2, 0, 0, 8.82%, 1, 0, 1, 17.64, 16402, 3, 5403, 0
879, 20, 0, 2, 0, 0, 8.82%, 1, 0, 1, 18.21, 16496, 3, 5431, 0
885, 20, 0, 2, 0, 0, 8.82%, 1, 0, 1, 17.51, 16585, 3, 5450, 0
890, 20, 0, 2, 0, 0, 8.82%, 1, 0, 1, 19.37, 16686, 3, 5486, 0
895, 20, 0, 2, 0, 0, 8.82%, 1, 0, 1, 17.46, 16772, 3, 5498, 0
900, 21, 0, 2, 0, 0, 8.82%, 1, 0, 1, 18.20, 16867, 3, 5527, 0
905, 21, 0, 2, 0, 0, 8.82%, 1, 0, 1, 16.18, 16948, 3, 5533, 0
910, 21, 0, 2, 0, 0, 8.82%, 1, 0, 1, 15.88, 17028, 3, 5540, 0
915, 21, 0, 2, 0, 0, 8.82%, 1, 0, 1, 15.73, 17107, 3, 5545, 0
920, 21, 0, 2, 0, 0, 8.82%, 1, 0, 1, 15.63, 17186, 3, 5549, 0
925, 21, 0, 2, 0, 0, 8.82%, 1, 0, 1, 16.36, 17269, 3, 5561, 0
930, 21, 0, 2, 0, 0, 8.82%, 1, 0, 1, 16.90, 17355, 3, 5578, 0
936, 21, 0, 2, 0, 0, 8.82%, 1, 0, 1, 15.87, 17435, 3, 5584, 0
941, 21, 0, 2, 0, 0, 8.82%, 1, 0, 1, 15.39, 17514, 3, 5587, 0
946, 21, 0, 2, 0, 0, 8.82%, 1, 0, 1, 15.50, 17594, 3, 5594, 0
951, 22, 0, 2, 0, 0, 8.82%, 1, 0, 1, 16.37, 17678, 3, 5606, 0
956, 22, 0, 2, 0, 0, 8.82%, 1, 0, 1, 16.24, 17763, 3, 5618, 0
961, 22, 0, 2, 0, 0, 8.82%, 1, 0, 1, 16.12, 17844, 3, 5624, 0
966, 22, 0, 2, 0, 0, 8.82%, 1, 0, 1, 15.82, 17925, 3, 5633, 0
971, 22, 0, 2, 0, 0, 8.82%, 1, 0, 1, 16.05, 18007, 3, 5643, 0
977, 22, 0, 2, 0, 0, 8.82%, 1, 0, 1, 15.85, 18087, 3, 5650, 0
982, 22, 0, 2, 0, 0, 8.82%, 1, 0, 1, 16.49, 18173, 3, 5663, 0
987, 22, 0, 2, 0, 0, 8.82%, 1, 0, 1, 15.52, 18252, 3, 5666, 0
992, 22, 0, 2, 0, 0, 8.82%, 1, 0, 1, 15.84, 18331, 3, 5672, 0
997, 23, 0, 2, 0, 0, 8.82%, 1, 0, 1, 16.94, 18419, 3, 5689, 0
1002, 23, 0, 2, 0, 0, 8.82%, 1, 0, 1, 17.38, 18510, 3, 5710, 0
1007, 23, 0, 2, 0, 0, 8.82%, 1, 0, 1, 16.16, 18591, 3, 5717, 0
1012, 23, 0, 2, 0, 0, 8.82%, 1, 0, 1, 16.05, 18674, 3, 5729, 0
1017, 23, 0, 2, 0, 0, 8.82%, 1, 0, 1, 16.71, 18759, 3, 5746, 0
1022, 23, 0, 2, 0, 0, 8.82%, 1, 0, 1, 16.23, 18840, 3, 5755, 0
1028, 23, 0, 2, 0, 0, 8.82%, 1, 0, 1, 16.90, 18925, 3, 5769, 0
1033, 23, 0, 2, 0, 0, 8.82%, 1, 0, 1, 15.69, 19005, 3, 5773, 0
1038, 23, 0, 2, 0, 0, 8.82%, 1, 0, 1, 15.80, 19085, 3, 5778, 0
1043, 23, 0, 2, 0, 0, 8.82%, 1, 0, 1, 15.23, 19163, 3, 5779, 0
1048, 24, 0, 2, 0, 0, 8.82%, 1, 0, 1, 15.06, 19239, 3, 5781, 0
1053, 24, 0, 2, 0, 0, 8.82%, 1, 0, 1, 15.26, 19318, 3, 5784, 0
1058, 24, 0, 2, 0, 0, 8.82%, 1, 0, 1, 16.70, 19403, 3, 5795, 0
1063, 24, 0, 2, 0, 0, 8.82%, 1, 0, 1, 16.89, 19487, 3, 5809, 0
1068, 24, 0, 2, 0, 0, 8.82%, 1, 0, 1, 17.26, 19572, 3, 5828, 0
1073, 24, 0, 2, 0, 0, 8.82%, 1, 0, 1, 17.09, 19657, 3, 5842, 0
1078, 24, 0, 2, 0, 0, 8.82%, 1, 0, 1, 17.24, 19747, 3, 5865, 0
1084, 24, 0, 2, 0, 0, 8.82%, 1, 0, 1, 19.17, 19846, 3, 5902, 0
1089, 24, 0, 2, 0, 0, 8.82%, 1, 0, 1, 18.78, 19934, 3, 5922, 0
1094, 24, 0, 2, 0, 0, 8.82%, 1, 0, 1, 16.08, 20011, 3, 5924, 0
1099, 25, 0, 2, 0, 0, 8.82%, 1, 0, 1, 16.20, 20094, 3, 5937, 0
1104, 25, 0, 2, 0, 0, 8.82%, 1, 0, 1, 15.80, 20174, 3, 5942, 0
1109, 25, 0, 2, 0, 0, 8.82%, 1, 0, 1, 16.73, 20263, 3, 5962, 0
1114, 25, 0, 2, 0, 0, 8.82%, 1, 0, 1, 16.73, 20346, 3, 5977, 0
1119, 25, 0, 2, 0, 0, 8.82%, 1, 0, 1, 16.43, 20428, 3, 5986, 0
1124, 25, 0, 2, 0, 0, 8.82%, 1, 0, 1, 15.97, 20509, 3, 5994, 0
1129, 25, 0, 2, 0, 0, 8.82%, 1, 0, 1, 16.11, 20592, 3, 6006, 0
1134, 25, 0, 2, 0, 0, 8.82%, 1, 0, 1, 17.09, 20684, 3, 6029, 0
1140, 25, 0, 2, 0, 0, 8.82%, 1, 0, 1, 16.08, 20764, 3, 6036, 0
1145, 26, 0, 2, 0, 0, 8.82%, 1, 0, 1, 16.10, 20848, 3, 6046, 0
1150, 26, 0, 2, 0, 0, 8.82%, 1, 0, 1, 16.32, 20934, 3, 6059, 0
1155, 26, 0, 2, 0, 0, 8.82%, 1, 0, 1, 16.28, 21017, 3, 6070, 0
1160, 26, 0, 2, 0, 0, 8.82%, 1, 0, 1, 16.68, 21101, 3, 6084, 0
1165, 26, 0, 2, 0, 0, 8.82%, 1, 0, 1, 17.79, 21192, 3, 6109, 0
1170, 26, 0, 2, 0, 0, 8.82%, 1, 0, 1, 16.88, 21279, 3, 6126, 0
1176, 26, 0, 2, 0, 0, 8.82%, 1, 0, 1, 16.62, 21364, 3, 6139, 0
1181, 26, 0, 2, 0, 0, 8.82%, 1, 0, 1, 15.83, 21442, 3, 6144, 0
1186, 26, 0, 2, 0, 0, 8.82%, 1, 0, 1, 15.49, 21522, 3, 6151, 0
1191, 26, 0, 2, 0, 0, 8.82%, 1, 0, 1, 15.84, 21603, 3, 6160, 0
1196, 27, 0, 2, 0, 0, 8.82%, 1, 0, 1, 15.68, 21686, 3, 6170, 0
1201, 27, 0, 2, 0, 0, 8.82%, 1, 0, 1, 16.25, 21769, 3, 6184, 0
1206, 27, 0, 2, 0, 0, 8.82%, 1, 0, 1, 15.88, 21848, 3, 6193, 0
1211, 27, 0, 2, 0, 0, 8.82%, 1, 0, 1, 15.71, 21929, 3, 6202, 0
1216, 27, 0, 2, 0, 0, 8.82%, 1, 0, 1, 15.88, 22009, 3, 6211, 0
1221, 27, 0, 2, 0, 0, 8.82%, 1, 0, 1, 15.73, 22087, 3, 6214, 0
1226, 27, 0, 2, 0, 0, 8.82%, 1, 0, 1, 15.85, 22169, 3, 6225, 0
3993, 27, 0, 2, 0, 0, 8.82%, 1, 0, 1, 0.00, 22242, 3, 6239, 0
3999, 27, 0, 2, 0, 0, 8.82%, 1, 0, 1, 15.80, 22329, 3, 6256, 0
4004, 27, 0, 2, 0, 0, 8.82%, 1, 0, 1, 15.58, 22408, 3, 6259, 0
4009, 28, 0, 2, 0, 0, 8.82%, 1, 0, 1, 15.70, 22489, 3, 6265, 0
4014, 28, 0, 2, 0, 0, 8.82%, 1, 0, 1, 15.71, 22570, 3, 6270, 0
4019, 28, 0, 2, 0, 0, 8.82%, 1, 0, 1, 18.20, 22659, 3, 6290, 0
4024, 28, 0, 2, 0, 0, 8.82%, 1, 0, 1, 16.69, 22744, 3, 6300, 0
4030, 28, 0, 2, 0, 0, 8.82%, 1, 0, 1, 15.80, 22825, 3, 6306, 0
4035, 28, 0, 2, 0, 0, 8.82%, 1, 0, 1, 15.50, 22903, 3, 6310, 0
4037, 28, 0, 2, 0, 0, 8.82%, 1, 0, 1, 15.27, 22945, 3, 6312, 0
