# relative_time, cycles_done, cur_item, corpus_count, pending_total, pending_favs, map_size, saved_crashes, saved_hangs, max_depth, execs_per_sec, total_execs, edges_found, total_crashes, servers_count
61, 493, 0, 3, 0, 0, 14.71%, 1, 0, 3, 322.26, 19657, 5, 12139, 0
66, 535, 2, 3, 0, 0, 14.71%, 1, 0, 3, 325.06, 21338, 5, 13212, 0
71, 576, 2, 3, 0, 0, 14.71%, 1, 0, 3, 322.56, 22992, 5, 14247, 0
77, 618, 2, 3, 0, 0, 14.71%, 1, 0, 3, 321.98, 24648, 5, 15286, 0
82, 659, 2, 3, 0, 0, 14.71%, 1, 0, 3, 318.48, 26288, 5, 16336, 0
87, 699, 2, 3, 0, 0, 14.71%, 1, 0, 3, 318.11, 27912, 5, 17381, 0
92, 741, 2, 3, 0, 0, 14.71%, 1, 0, 3, 323.13, 29594, 5, 18418, 0
97, 783, 0, 3, 0, 0, 14.71%, 1, 0, 3, 322.89, 31257, 5, 19455, 0
102, 825, 0, 3, 0, 0, 14.71%, 1, 0, 3, 323.51, 32944, 5, 20518, 0
108, 867, 2, 3, 0, 0, 14.71%, 1, 0, 3, 324.58, 34616, 5, 21575, 0
113, 908, 0, 3, 0, 0, 14.71%, 1, 0, 3, 328.91, 36265, 5, 22612, 0
118, 951, 1, 3, 0, 0, 14.71%, 1, 0, 3, 327.20, 37969, 5, 23699, 0
123, 993, 1, 3, 0, 0, 14.71%, 1, 0, 3, 321.51, 39648, 5, 24741, 0
128, 1034, 2, 3, 0, 0, 14.71%, 1, 0, 3, 323.03, 41321, 5, 25793, 0
133, 1077, 1, 3, 0, 0, 14.71%, 1, 0, 3, 325.90, 43026, 5, 26887, 0
138, 1119, 0, 3, 0, 0, 14.71%, 1, 0, 3, 325.25, 44705, 5, 27931, 0
144, 1161, 1, 3, 0, 0, 14.71%, 1, 0, 3, 325.74, 46392, 5, 28980, 0
149, 1203, 1, 3, 0, 0, 14.71%, 1, 0, 3, 323.78, 48072, 5, 30049, 0
154, 1244, 1, 3, 0, 0, 14.71%, 1, 0, 3, 324.35, 49704, 5, 31081, 0
159, 1286, 0, 3, 0, 0, 14.71%, 1, 0, 3, 323.46, 51377, 5, 32140, 0
164, 1327, 0, 3, 0, 0, 14.71%, 1, 0, 3, 321.84, 53032, 5, 33191, 0
169, 1369, 2, 3, 0, 0, 14.71%, 1, 0, 3, 324.38, 54712, 5, 34246, 0
174, 1411, 2, 3, 0, 0, 14.71%, 1, 0, 3, 323.51, 56384, 5, 35322, 0
180, 1452, 1, 3, 0, 0, 14.71%, 1, 0, 3, 322.84, 58040, 5, 36384, 0
185, 1494, 1, 3, 0, 0, 14.71%, 1, 0, 3, 322.75, 59706, 5, 37440, 0
190, 1536, 0, 3, 0, 0, 14.71%, 1, 0, 3, 323.33, 61378, 5, 38497, 0
195, 1578, 0, 3, 0, 0, 14.71%, 1, 0, 3, 325.53, 63064, 5, 39567, 0
200, 1620, 0, 3, 0, 0, 14.71%, 1, 0, 3, 326.53, 64744, 5, 40640, 0
205, 1662, 0, 3, 0, 0, 14.71%, 1, 0, 3, 326.84, 66432, 5, 41699, 0
211, 1705, 2, 3, 0, 0, 14.71%, 1, 0, 3, 325.15, 68128, 5, 42780, 0
216, 1747, 0, 3, 0, 0, 14.71%, 1, 0, 3, 326.42, 69818, 5, 43847, 0
221, 1789, 1, 3, 0, 0, 14.71%, 1, 0, 3, 325.15, 71504, 5, 44912, 0
226, 1831, 1, 3, 0, 0, 14.71%, 1, 0, 3, 325.75, 73184, 5, 45974, 0
231, 1873, 0, 3, 0, 0, 14.71%, 1, 0, 3, 330.65, 74858, 5, 47031, 0
236, 1914, 2, 3, 0, 0, 14.71%, 1, 0, 3, 327.11, 76513, 5, 48094, 0
241, 1956, 2, 3, 0, 0, 14.71%, 1, 0, 3, 323.24, 78177, 5, 49153, 0
247, 1998, 2, 3, 0, 0, 14.71%, 1, 0, 3, 325.91, 79864, 5, 50215, 0
252, 2040, 1, 3, 0, 0, 14.71%, 1, 0, 3, 327.54, 81554, 5, 51264, 0
257, 2082, 0, 3, 0, 0, 14.71%, 1, 0, 3, 326.20, 83233, 5, 52315, 0
262, 2125, 1, 3, 0, 0, 14.71%, 1, 0, 3, 325.75, 84928, 5, 53387, 0
267, 2167, 0, 3, 0, 0, 14.71%, 1, 0, 3, 325.63, 86624, 5, 54452, 0
272, 2208, 0, 3, 0, 0, 14.71%, 1, 0, 3, 325.96, 88256, 5, 55480, 0
277, 2249, 0, 3, 0, 0, 14.71%, 1, 0, 3, 325.84, 89888, 5, 56502, 0
283, 2291, 2, 3, 0, 0, 14.71%, 1, 0, 3, 327.50, 91592, 5, 57588, 0
288, 2333, 2, 3, 0, 0, 14.71%, 1, 0, 3, 325.21, 93272, 5, 58659, 0
293, 2375, 1, 3, 0, 0, 14.71%, 1, 0, 3, 325.13, 94952, 5, 59728, 0
298, 2417, 1, 3, 0, 0, 14.71%, 1, 0, 3, 325.93, 96640, 5, 60794, 0
303, 2459, 2, 3, 0, 0, 14.71%, 1, 0, 3, 324.75, 98320, 5, 61896, 0
308, 2502, 1, 3, 0, 0, 14.71%, 1, 0, 3, 327.51, 100025, 5, 62974, 0
314, 2544, 1, 3, 0, 0, 14.71%, 1, 0, 3, 326.29, 101706, 5, 64037, 0
319, 2585, 2, 3, 0, 0, 14.71%, 1, 0, 3, 326.07, 103344, 5, 65059, 0
324, 2627, 2, 3, 0, 0, 14.71%, 1, 0, 3, 324.95, 105010, 5, 66134, 0
329, 2668, 2, 3, 0, 0, 14.71%, 1, 0, 3, 326.51, 106648, 5, 67151, 0
334, 2710, 2, 3, 0, 0, 14.71%, 1, 0, 3, 325.11, 108329, 5, 68213, 0
339, 2751, 0, 3, 0, 0, 14.71%, 1, 0, 3, 324.29, 109984, 5, 69255, 0
344, 2792, 1, 3, 0, 0, 14.71%, 1, 0, 3, 327.20, 111625, 5, 70308, 0
349, 2835, 0, 3, 0, 0, 14.71%, 1, 0, 3, 327.36, 113322, 5, 71362, 0
354, 2876, 2, 3, 0, 0, 14.71%, 1, 0, 3, 325.30, 115000, 5, 72447, 0
360, 2918, 2, 3, 0, 0, 14.71%, 1, 0, 3, 324.99, 116680, 5, 73522, 0
365, 2961, 2, 3, 0, 0, 14.71%, 1, 0, 3, 330.04, 118392, 5, 74608, 0
370, 3003, 0, 3, 0, 0, 14.71%, 1, 0, 3, 323.59, 120080, 5, 75681, 0
375, 3044, 0, 3, 0, 0, 14.71%, 1, 0, 3, 318.39, 121712, 5, 76715, 0
380, 3085, 0, 3, 0, 0, 14.71%, 1, 0, 3, 318.69, 123344, 5, 77709, 0
385, 3124, 1, 3, 0, 0, 14.71%, 1, 0, 3, 312.79, 124921, 5, 78692, 0
390, 3165, 1, 3, 0, 0, 14.71%, 1, 0, 3, 315.66, 126529, 5, 79684, 0
396, 3205, 0, 3, 0, 0, 14.71%, 1, 0, 3, 317.34, 128138, 5, 80702, 0
401, 3245, 1, 3, 0, 0, 14.71%, 1, 0, 3, 306.80, 129737, 5, 81694, 0
406, 3286, 2, 3, 0, 0, 14.71%, 1, 0, 3, 317.64, 131362, 5, 82714, 0
411, 3327, 0, 3, 0, 0, 14.71%, 1, 0, 3, 319.51, 133009, 5, 83748, 0
416, 3368, 0, 3, 0, 0, 14.71%, 1, 0, 3, 322.61, 134665, 5, 84793, 0
421, 3410, 1, 3, 0, 0, 14.71%, 1, 0, 3, 320.13, 136330, 5, 85825, 0
426, 3450, 2, 3, 0, 0, 14.71%, 1, 0, 3, 319.80, 137944, 5, 86844, 0
431, 3490, 0, 3, 0, 0, 14.71%, 1, 0, 3, 318.87, 139561, 5, 87858, 0
437, 3532, 2, 3, 0, 0, 14.71%, 1, 0, 3, 320.08, 141209, 5, 88926, 0
442, 3573, 0, 3, 0, 0, 14.71%, 1, 0, 3, 323.01, 142872, 5, 89960, 0
447, 3614, 1, 3, 0, 0, 14.71%, 1, 0, 3, 319.67, 144498, 5, 90955, 0
452, 3655, 1, 3, 0, 0, 14.71%, 1, 0, 3, 318.05, 146128, 5, 91980, 0
457, 3695, 2, 3, 0, 0, 14.71%, 1, 0, 3, 316.51, 147744, 5, 92971, 0
462, 3735, 0, 3, 0, 0, 14.71%, 1, 0, 3, 317.72, 149360, 5, 93980, 0
467, 3776, 1, 3, 0, 0, 14.71%, 1, 0, 3, 313.51, 150968, 5, 94983, 0
472, 3815, 1, 3, 0, 0, 14.71%, 1, 0, 3, 313.65, 152560, 5, 95975, 0
478, 3857, 0, 3, 0, 0, 14.71%, 1, 0, 3, 320.92, 154232, 5, 97013, 0
483, 3898, 1, 3, 0, 0, 14.71%, 1, 0, 3, 320.50, 155881, 5, 98052, 0
488, 3940, 1, 3, 0, 0, 14.71%, 1, 0, 3, 320.07, 157528, 5, 99107, 0
493, 3981, 2, 3, 0, 0, 14.71%, 1, 0, 3, 323.07, 159193, 5, 100140, 0
498, 4023, 0, 3, 0, 0, 14.71%, 1, 0, 3, 323.69, 160864, 5, 101173, 0
503, 4064, 0, 3, 0, 0, 14.71%, 1, 0, 3, 322.09, 162520, 5, 102204, 0
508, 4105, 0, 3, 0, 0, 14.71%, 1, 0, 3, 319.34, 164153, 5, 103200, 0
514, 4146, 2, 3, 0, 0, 14.71%, 1, 0, 3, 320.71, 165801, 5, 104230, 0
519, 4187, 0, 3, 0, 0, 14.71%, 1, 0, 3, 319.88, 167440, 5, 105264, 0
524, 4229, 0, 3, 0, 0, 14.71%, 1, 0, 3, 325.00, 169120, 5, 106292, 0
529, 4271, 2, 3, 0, 0, 14.71%, 1, 0, 3, 325.50, 170793, 5, 107327, 0
534, 4313, 2, 3, 0, 0, 14.71%, 1, 0, 3, 322.33, 172464, 5, 108363, 0
539, 4355, 2, 3, 0, 0, 14.71%, 1, 0, 3, 324.79, 174154, 5, 109410, 0
545, 4396, 2, 3, 0, 0, 14.71%, 1, 0, 3, 321.87, 175794, 5, 110433, 0
550, 4437, 2, 3, 0, 0, 14.71%, 1, 0, 3, 318.81, 177432, 5, 111460, 0
555, 4479, 1, 3, 0, 0, 14.71%, 1, 0, 3, 321.40, 179088, 5, 112513, 0
560, 4520, 1, 3, 0, 0, 14.71%, 1, 0, 3, 320.83, 180728, 5, 113544, 0
565, 4562, 0, 3, 0, 0, 14.71%, 1, 0, 3, 327.30, 182432, 5, 114606, 0
570, 4604, 1, 3, 0, 0, 14.71%, 1, 0, 3, 324.21, 184104, 5, 115648, 0
575, 4646, 0, 3, 0, 0, 14.71%, 1, 0, 3, 324.44, 185785, 5, 116712, 0
581, 4687, 1, 3, 0, 0, 14.71%, 1, 0, 3, 322.69, 187440, 5, 117771, 0
586, 4729, 1, 3, 0, 0, 14.71%, 1, 0, 3, 322.85, 189097, 5, 118792, 0
591, 4771, 2, 3, 0, 0, 14.71%, 1, 0, 3, 323.51, 190776, 5, 119870, 0
596, 4813, 1, 3, 0, 0, 14.71%, 1, 0, 3, 325.99, 192464, 5, 120928, 0
601, 4854, 0, 3, 0, 0, 14.71%, 1, 0, 3, 326.18, 194098, 5, 121947, 0
606, 4896, 2, 3, 0, 0, 14.71%, 1, 0, 3, 323.96, 195784, 5, 123009, 0
611, 4937, 1, 3, 0, 0, 14.71%, 1, 0, 3, 321.40, 197434, 5, 124061, 0
617, 4979, 2, 3, 0, 0, 14.71%, 1, 0, 3, 315.92, 199088, 5, 125095, 0
622, 5018, 0, 3, 0, 0, 14.71%, 1, 0, 3, 313.25, 200672, 5, 126075, 0
627, 5056, 1, 3, 0, 0, 14.71%, 1, 0, 3, 291.66, 202185, 5, 126991, 0
632, 5096, 2, 3, 0, 0, 14.71%, 1, 0, 3, 309.57, 203784, 5, 127981, 0
637, 5137, 1, 3, 0, 0, 14.71%, 1, 0, 3, 317.56, 205426, 5, 129013, 0
642, 5178, 1, 3, 0, 0, 14.71%, 1, 0, 3, 324.45, 207056, 5, 130003, 0
647, 5220, 1, 3, 0, 0, 14.71%, 1, 0, 3, 324.12, 208730, 5, 131062, 0
652, 5261, 1, 3, 0, 0, 14.71%, 1, 0, 3, 321.91, 210394, 5, 132113, 0
658, 5304, 2, 3, 0, 0, 14.71%, 1, 0, 3, 326.07, 212088, 5, 133193, 0
663, 5345, 1, 3, 0, 0, 14.71%, 1, 0, 3, 323.82, 213761, 5, 134258, 0
668, 5387, 2, 3, 0, 0, 14.71%, 1, 0, 3, 325.47, 215434, 5, 135307, 0
673, 5429, 0, 3, 0, 0, 14.71%, 1, 0, 3, 324.29, 217112, 5, 136358, 0
678, 5472, 0, 3, 0, 0, 14.71%, 1, 0, 3, 325.35, 218808, 5, 137441, 0
683, 5514, 2, 3, 0, 0, 14.71%, 1, 0, 3, 324.55, 220489, 5, 138524, 0
689, 5555, 2, 3, 0, 0, 14.71%, 1, 0, 3, 324.13, 222152, 5, 139557, 0
694, 5597, 1, 3, 0, 0, 14.71%, 1, 0, 3, 324.72, 223808, 5, 140617, 0
699, 5638, 1, 3, 0, 0, 14.71%, 1, 0, 3, 324.00, 225480, 5, 141682, 0
704, 5679, 0, 3, 0, 0, 14.71%, 1, 0, 3, 324.88, 227112, 5, 142716, 0
709, 5721, 1, 3, 0, 0, 14.71%, 1, 0, 3, 318.42, 228768, 5, 143750, 0
714, 5761, 0, 3, 0, 0, 14.71%, 1, 0, 3, 310.76, 230368, 5, 144745, 0
719, 5801, 0, 3, 0, 0, 14.71%, 1, 0, 3, 313.89, 231978, 5, 145716, 0
725, 5842, 1, 3, 0, 0, 14.71%, 1, 0, 3, 312.41, 233608, 5, 146721, 0
730, 5881, 1, 3, 0, 0, 14.71%, 1, 0, 3, 303.16, 235185, 5, 147672, 0
735, 5920, 0, 3, 0, 0, 14.71%, 1, 0, 3, 309.64, 236744, 5, 148613, 0
740, 5961, 2, 3, 0, 0, 14.71%, 1, 0, 3, 319.50, 238392, 5, 149619, 0
745, 6002, 2, 3, 0, 0, 14.71%, 1, 0, 3, 317.78, 240016, 5, 150667, 0
750, 6043, 1, 3, 0, 0, 14.71%, 1, 0, 3, 322.16, 241665, 5, 151684, 0
755, 6084, 2, 3, 0, 0, 14.71%, 1, 0, 3, 321.00, 243304, 5, 152707, 0
760, 6121, 1, 4, 0, 0, 17.65%, 1, 0, 4, 317.21, 244945, 6, 153698, 0
766, 6155, 2, 4, 0, 0, 17.65%, 1, 0, 4, 320.22, 246593, 6, 154707, 0
771, 6189, 3, 4, 0, 0, 17.65%, 1, 0, 4, 313.00, 248217, 6, 155704, 0
776, 6223, 2, 4, 0, 0, 17.65%, 1, 0, 4, 307.33, 249833, 6, 156683, 0
781, 6253, 2, 4, 0, 0, 17.65%, 1, 0, 4, 292.42, 251296, 6, 157540, 0
786, 6287, 2, 4, 0, 0, 17.65%, 1, 0, 4, 312.08, 252915, 6, 158544, 0
791, 6320, 0, 4, 0, 0, 17.65%, 1, 0, 4, 314.32, 254522, 6, 159541, 0
796, 6353, 1, 4, 0, 0, 17.65%, 1, 0, 4, 303.95, 256089, 6, 160495, 0
802, 6384, 2, 4, 0, 0, 17.65%, 1, 0, 4, 298.19, 257576, 6, 161384, 0
807, 6418, 3, 4, 0, 0, 17.65%, 1, 0, 4, 311.39, 259193, 6, 162402, 0
812, 6451, 2, 4, 0, 0, 17.65%, 1, 0, 4, 314.52, 260795, 6, 163409, 0
817, 6483, 2, 4, 0, 0, 17.65%, 1, 0, 4, 297.68, 262315, 6, 164321, 0
822, 6515, 1, 4, 0, 0, 17.65%, 1, 0, 4, 303.79, 263865, 6, 165243, 0
827, 6549, 3, 4, 0, 0, 17.65%, 1, 0, 4, 315.74, 265506, 6, 166283, 0
832, 6584, 2, 4, 0, 0, 17.65%, 1, 0, 4, 320.72, 267185, 6, 167337, 0
838, 6616, 3, 4, 0, 0, 17.65%, 1, 0, 4, 298.16, 268704, 6, 168254, 0
843, 6649, 3, 4, 0, 0, 17.65%, 1, 0, 4, 309.07, 270305, 6, 169243, 0
848, 6683, 2, 4, 0, 0, 17.65%, 1, 0, 4, 315.01, 271921, 6, 170281, 0
853, 6717, 3, 4, 0, 0, 17.65%, 1, 0, 4, 315.82, 273553, 6, 171268, 0
858, 6751, 2, 4, 0, 0, 17.65%, 1, 0, 4, 320.35, 275201, 6, 172291, 0
863, 6785, 0, 4, 0, 0, 17.65%, 1, 0, 4, 315.58, 276817, 6, 173288, 0
868, 6819, 3, 4, 0, 0, 17.65%, 1, 0, 4, 322.94, 278481, 6, 174327, 0
874, 6854, 2, 4, 0, 0, 17.65%, 1, 0, 4, 320.78, 280137, 6, 175378, 0
879, 6887, 1, 4, 0, 0, 17.65%, 1, 0, 4, 311.97, 281737, 6, 176383, 0
884, 6921, 3, 4, 0, 0, 17.65%, 1, 0, 4, 317.73, 283369, 6, 177365, 0
889, 6956, 3, 4, 0, 0, 17.65%, 1, 0, 4, 321.91, 285018, 6, 178393, 0
894, 6991, 1, 4, 0, 0, 17.65%, 1, 0, 4, 327.72, 286705, 6, 179476, 0
899, 7025, 0, 4, 0, 0, 17.65%, 1, 0, 4, 327.90, 288345, 6, 180489, 0
904, 7060, 3, 4, 0, 0, 17.65%, 1, 0, 4, 324.08, 290018, 6, 181539, 0
910, 7095, 1, 4, 0, 0, 17.65%, 1, 0, 4, 329.12, 291729, 6, 182641, 0
915, 7129, 0, 4, 0, 0, 17.65%, 1, 0, 4, 325.52, 293361, 6, 183681, 0
920, 7164, 3, 4, 0, 0, 17.65%, 1, 0, 4, 321.00, 295009, 6, 184718, 0
925, 7198, 2, 4, 0, 0, 17.65%, 1, 0, 4, 320.70, 296674, 6, 185760, 0
930, 7233, 3, 4, 0, 0, 17.65%, 1, 0, 4, 324.72, 298313, 6, 186795, 0
935, 7266, 3, 4, 0, 0, 17.65%, 1, 0, 4, 306.62, 299906, 6, 187762, 0
940, 7300, 1, 4, 0, 0, 17.65%, 1, 0, 4, 316.72, 301529, 6, 188757, 0
945, 7334, 1, 4, 0, 0, 17.65%, 1, 0, 4, 318.24, 303170, 6, 189770, 0
951, 7368, 3, 4, 0, 0, 17.65%, 1, 0, 4, 320.65, 304817, 6, 190802, 0
956, 7403, 3, 4, 0, 0, 17.65%, 1, 0, 4, 321.84, 306473, 6, 191846, 0
961, 7437, 1, 4, 0, 0, 17.65%, 1, 0, 4, 320.33, 308121, 6, 192888, 0
966, 7470, 3, 4, 0, 0, 17.65%, 1, 0, 4, 310.51, 309689, 6, 193868, 0
971, 7504, 0, 4, 0, 0, 17.65%, 1, 0, 4, 318.78, 311329, 6, 194907, 0
976, 7538, 2, 4, 0, 0, 17.65%, 1, 0, 4, 315.69, 312961, 6, 195923, 0
981, 7571, 1, 4, 0, 0, 17.65%, 1, 0, 4, 312.81, 314569, 6, 196900, 0
987, 7604, 1, 4, 0, 0, 17.65%, 1, 0, 4, 314.25, 316161, 6, 197861, 0
992, 7638, 0, 4, 0, 0, 17.65%, 1, 0, 4, 313.95, 317785, 6, 198905, 0
997, 7672, 2, 4, 0, 0, 17.65%, 1, 0, 4, 316.86, 319401, 6, 199929, 0
1002, 7706, 0, 4, 0, 0, 17.65%, 1, 0, 4, 317.70, 321018, 6, 200945, 0
1007, 7739, 1, 4, 0, 0, 17.65%, 1, 0, 4, 311.73, 322609, 6, 201930, 0
1012, 7772, 0, 4, 0, 0, 17.65%, 1, 0, 4, 312.31, 324209, 6, 202930, 0
1017, 7803, 1, 4, 0, 0, 17.65%, 1, 0, 4, 299.73, 325696, 6, 203781, 0
1022, 7837, 1, 4, 0, 0, 17.65%, 1, 0, 4, 310.62, 327307, 6, 204792, 0
1027, 7870, 0, 4, 0, 0, 17.65%, 1, 0, 4, 315.76, 328923, 6, 205798, 0
1033, 7906, 1, 4, 0, 0, 17.65%, 1, 0, 4, 324.45, 330619, 6, 206860, 0
1038, 7940, 2, 4, 0, 0, 17.65%, 1, 0, 4, 321.21, 332266, 6, 207913, 0
1043, 7974, 2, 4, 0, 0, 17.65%, 1, 0, 4, 320.67, 333907, 6, 208926, 0
1048, 8009, 0, 4, 0, 0, 17.65%, 1, 0, 4, 321.27, 335561, 6, 209967, 0
1053, 8043, 3, 4, 0, 0, 17.65%, 1, 0, 4, 321.67, 337227, 6, 210990, 0
1058, 8078, 3, 4, 0, 0, 17.65%, 1, 0, 4, 322.67, 338883, 6, 212023, 0
1063, 8112, 2, 4, 0, 0, 17.65%, 1, 0, 4, 323.22, 340545, 6, 213075, 0
1069, 8148, 3, 4, 0, 0, 17.65%, 1, 0, 4, 325.06, 342233, 6, 214131, 0
1074, 8183, 3, 4, 0, 0, 17.65%, 1, 0, 4, 324.54, 343922, 6, 215233, 0
1079, 8217, 2, 4, 0, 0, 17.65%, 1, 0, 4, 326.94, 345561, 6, 216269, 0
1084, 8251, 1, 4, 0, 0, 17.65%, 1, 0, 4, 321.09, 347202, 6, 217318, 0
1089, 8285, 2, 4, 0, 0, 17.65%, 1, 0, 4, 318.31, 348818, 6, 218347, 0
1094, 8319, 1, 4, 0, 0, 17.65%, 1, 0, 4, 325.24, 350457, 6, 219362, 0
1099, 8353, 2, 4, 0, 0, 17.65%, 1, 0, 4, 321.30, 352089, 6, 220391, 0
1104, 8387, 3, 4, 0, 0, 17.65%, 1, 0, 4, 320.45, 353721, 6, 221425, 0
1109, 8421, 3, 4, 0, 0, 17.65%, 1, 0, 4, 320.06, 355353, 6, 222452, 0
1115, 8456, 2, 4, 0, 0, 17.65%, 1, 0, 4, 324.05, 357027, 6, 223494, 0
1120, 8490, 3, 4, 0, 0, 17.65%, 1, 0, 4, 322.08, 358690, 6, 224533, 0
1125, 8525, 2, 4, 0, 0, 17.65%, 1, 0, 4, 319.13, 360323, 6, 225588, 0
1130, 8559, 2, 4, 0, 0, 17.65%, 1, 0, 4, 320.42, 361979, 6, 226609, 0
1135, 8593, 2, 4, 0, 0, 17.65%, 1, 0, 4, 318.04, 363603, 6, 227641, 0
1140, 8627, 2, 4, 0, 0, 17.65%, 1, 0, 4, 318.58, 365241, 6, 228667, 0
1145, 8660, 3, 4, 0, 0, 17.65%, 1, 0, 4, 313.32, 366841, 6, 229657, 0
1150, 8694, 0, 4, 0, 0, 17.65%, 1, 0, 4, 315.28, 368441, 6, 230661, 0
1156, 8727, 0, 4, 0, 0, 17.65%, 1, 0, 4, 313.07, 370034, 6, 231663, 0
1161, 8760, 3, 4, 0, 0, 17.65%, 1, 0, 4, 307.57, 371625, 6, 232669, 0
1166, 8794, 2, 4, 0, 0, 17.65%, 1, 0, 4, 317.90, 373258, 6, 233683, 0
1171, 8828, 1, 4, 0, 0, 17.65%, 1, 0, 4, 318.27, 374889, 6, 234714, 0
1176, 8862, 1, 4, 0, 0, 17.65%, 1, 0, 4, 320.73, 376539, 6, 235764, 0
1181, 8897, 2, 4, 0, 0, 17.65%, 1, 0, 4, 323.99, 378210, 6, 236831, 0
1186, 8932, 3, 4, 0, 0, 17.65%, 1, 0, 4, 325.67, 379905, 6, 237886, 0
1192, 8967, 2, 4, 0, 0, 17.65%, 1, 0, 4, 323.68, 381578, 6, 238939, 0
1197, 9002, 1, 4, 0, 0, 17.65%, 1, 0, 4, 323.32, 383242, 6, 239971, 0
1202, 9035, 1, 4, 0, 0, 17.65%, 1, 0, 4, 314.00, 384841, 6, 240949, 0
1207, 9069, 1, 4, 0, 0, 17.65%, 1, 0, 4, 317.95, 386475, 6, 241952, 0
1212, 9103, 0, 4, 0, 0, 17.65%, 1, 0, 4, 320.35, 388114, 6, 242968, 0
1217, 9137, 2, 4, 0, 0, 17.65%, 1, 0, 4, 318.65, 389738, 6, 244013, 0
1222, 9171, 0, 4, 0, 0, 17.65%, 1, 0, 4, 316.97, 391363, 6, 245039, 0
1227, 9205, 1, 4, 0, 0, 17.65%, 1, 0, 4, 319.09, 392993, 6, 246084, 0
1233, 9240, 3, 4, 0, 0, 17.65%, 1, 0, 4, 321.90, 394666, 6, 247134, 0
1238, 9274, 2, 4, 0, 0, 17.65%, 1, 0, 4, 318.71, 396313, 6, 248164, 0
1243, 9309, 2, 4, 0, 0, 17.65%, 1, 0, 4, 319.90, 397955, 6, 249199, 0
1248, 9344, 2, 4, 0, 0, 17.65%, 1, 0, 4, 323.63, 399635, 6, 250269, 0
1253, 9379, 3, 4, 0, 0, 17.65%, 1, 0, 4, 327.46, 401330, 6, 251343, 0
1258, 9414, 1, 4, 0, 0, 17.65%, 1, 0, 4, 323.14, 403011, 6, 252390, 0
1264, 9448, 0, 4, 0, 0, 17.65%, 1, 0, 4, 318.93, 404641, 6, 253421, 0
1269, 9482, 0, 4, 0, 0, 17.65%, 1, 0, 4, 322.74, 406298, 6, 254449, 0
1274, 9516, 2, 4, 0, 0, 17.65%, 1, 0, 4, 321.57, 407913, 6, 255464, 0
1279, 9550, 0, 4, 0, 0, 17.65%, 1, 0, 4, 321.71, 409561, 6, 256481, 0
1284, 9585, 3, 4, 0, 0, 17.65%, 1, 0, 4, 321.26, 411217, 6, 257535, 0
1289, 9619, 2, 4, 0, 0, 17.65%, 1, 0, 4, 320.24, 412849, 6, 258559, 0
1294, 9653, 0, 4, 0, 0, 17.65%, 1, 0, 4, 322.89, 414499, 6, 259580, 0
1299, 9687, 0, 4, 0, 0, 17.65%, 1, 0, 4, 321.56, 416145, 6, 260627, 0
1304, 9722, 3, 4, 0, 0, 17.65%, 1, 0, 4, 321.76, 417793, 6, 261640, 0
1310, 9756, 1, 4, 0, 0, 17.65%, 1, 0, 4, 321.81, 419451, 6, 262676, 0
1315, 9791, 2, 4, 0, 0, 17.65%, 1, 0, 4, 323.94, 421122, 6, 263713, 0
1320, 9826, 0, 4, 0, 0, 17.65%, 1, 0, 4, 322.42, 422771, 6, 264749, 0
1325, 9860, 3, 4, 0, 0, 17.65%, 1, 0, 4, 323.87, 424449, 6, 265789, 0
1330, 9894, 3, 4, 0, 0, 17.65%, 1, 0, 4, 317.49, 426074, 6, 266836, 0
1335, 9929, 2, 4, 0, 0, 17.65%, 1, 0, 4, 322.34, 427745, 6, 267873, 0
1341, 9964, 3, 4, 0, 0, 17.65%, 1, 0, 4, 321.20, 429402, 6, 268900, 0
1346, 9998, 1, 4, 0, 0, 17.65%, 1, 0, 4, 318.49, 431033, 6, 269914, 0
1351, 10031, 2, 4, 0, 0, 17.65%, 1, 0, 4, 315.71, 432643, 6, 270920, 0
1356, 10065, 3, 4, 0, 0, 17.65%, 1, 0, 4, 317.07, 434265, 6, 271932, 0
1361, 10099, 1, 4, 0, 0, 17.65%, 1, 0, 4, 317.79, 435889, 6, 272944, 0
1366, 10133, 3, 4, 0, 0, 17.65%, 1, 0, 4, 318.91, 437521, 6, 273952, 0
1371, 10165, 1, 4, 0, 0, 17.65%, 1, 0, 4, 305.60, 439082, 6, 274880, 0
1376, 10196, 0, 4, 0, 0, 17.65%, 1, 0, 4, 292.63, 440531, 6, 275715, 0
1382, 10229, 1, 4, 0, 0, 17.65%, 1, 0, 4, 313.92, 442161, 6, 276722, 0
1387, 10263, 0, 4, 0, 0, 17.65%, 1, 0, 4, 316.71, 443771, 6, 277732, 0
1392, 10298, 2, 4, 0, 0, 17.65%, 1, 0, 4, 322.44, 445435, 6, 278809, 0
1397, 10332, 1, 4, 0, 0, 17.65%, 1, 0, 4, 320.21, 447081, 6, 279824, 0
1402, 10366, 3, 4, 0, 0, 17.65%, 1, 0, 4, 319.46, 448715, 6, 280839, 0
1407, 10401, 0, 4, 0, 0, 17.65%, 1, 0, 4, 322.68, 450377, 6, 281870, 0
1412, 10436, 3, 4, 0, 0, 17.65%, 1, 0, 4, 325.80, 452051, 6, 282935, 0
1417, 10470, 0, 4, 0, 0, 17.65%, 1, 0, 4, 323.69, 453729, 6, 283980, 0
1423, 10505, 0, 4, 0, 0, 17.65%, 1, 0, 4, 321.88, 455386, 6, 285028, 0
1428, 10540, 2, 4, 0, 0, 17.65%, 1, 0, 4, 320.97, 457057, 6, 286088, 0
1433, 10573, 1, 4, 0, 0, 17.65%, 1, 0, 4, 318.37, 458666, 6, 287097, 0
1438, 10608, 2, 4, 0, 0, 17.65%, 1, 0, 4, 320.79, 460314, 6, 288122, 0
1443, 10641, 0, 4, 0, 0, 17.65%, 1, 0, 4, 310.69, 461897, 6, 289097, 0
1448, 10674, 1, 4, 0, 0, 17.65%, 1, 0, 4, 315.15, 463505, 6, 290101, 0
1453, 10708, 2, 4, 0, 0, 17.65%, 1, 0, 4, 316.12, 465137, 6, 291124, 0
1459, 10742, 2, 4, 0, 0, 17.65%, 1, 0, 4, 315.58, 466769, 6, 292130, 0
1464, 10775, 2, 4, 0, 0, 17.65%, 1, 0, 4, 305.72, 468369, 6, 293082, 0
1469, 10806, 2, 4, 0, 0, 17.65%, 1, 0, 4, 284.96, 469824, 6, 293924, 0
1474, 10838, 2, 4, 0, 0, 17.65%, 1, 0, 4, 301.85, 471355, 6, 294855, 0
1479, 10871, 3, 4, 0, 0, 17.65%, 1, 0, 4, 311.01, 472969, 6, 295868, 0
1484, 10906, 1, 4, 0, 0, 17.65%, 1, 0, 4, 319.96, 474625, 6, 296937, 0
1489, 10940, 1, 4, 0, 0, 17.65%, 1, 0, 4, 322.73, 476249, 6, 297929, 0
1495, 10974, 1, 4, 0, 0, 17.65%, 1, 0, 4, 320.83, 477905, 6, 298960, 0
1500, 11006, 0, 4, 0, 0, 17.65%, 1, 0, 4, 303.01, 479449, 6, 299905, 0
1505, 11039, 1, 4, 0, 0, 17.65%, 1, 0, 4, 306.10, 481025, 6, 300887, 0
1510, 11074, 0, 4, 0, 0, 17.65%, 1, 0, 4, 320.86, 482689, 6, 301923, 0
1515, 11108, 2, 4, 0, 0, 17.65%, 1, 0, 4, 319.78, 484337, 6, 302939, 0
1520, 11143, 1, 4, 0, 0, 17.65%, 1, 0, 4, 322.60, 486002, 6, 303972, 0
1525, 11178, 1, 4, 0, 0, 17.65%, 1, 0, 4, 324.79, 487673, 6, 305015, 0
1531, 11212, 1, 4, 0, 0, 17.65%, 1, 0, 4, 320.06, 489313, 6, 306022, 0
1536, 11246, 1, 4, 0, 0, 17.65%, 1, 0, 4, 317.08, 490938, 6, 307048, 0
1541, 11280, 0, 4, 0, 0, 17.65%, 1, 0, 4, 321.85, 492601, 6, 308082, 0
1546, 11314, 0, 4, 0, 0, 17.65%, 1, 0, 4, 322.01, 494241, 6, 309121, 0
1551, 11349, 0, 4, 0, 0, 17.65%, 1, 0, 4, 321.16, 495913, 6, 310148, 0
1556, 11383, 0, 4, 0, 0, 17.65%, 1, 0, 4, 321.33, 497545, 6, 311172, 0
1561, 11418, 1, 4, 0, 0, 17.65%, 1, 0, 4, 320.85, 499187, 6, 312203, 0
1566, 11452, 1, 4, 0, 0, 17.65%, 1, 0, 4, 320.74, 500841, 6, 313232, 0
1572, 11486, 2, 4, 0, 0, 17.65%, 1, 0, 4, 321.18, 502483, 6, 314264, 0
1577, 11521, 3, 4, 0, 0, 17.65%, 1, 0, 4, 323.09, 504145, 6, 315308, 0
1582, 11555, 0, 4, 0, 0, 17.65%, 1, 0, 4, 322.18, 505794, 6, 316351, 0
1587, 11590, 3, 4, 0, 0, 17.65%, 1, 0, 4, 329.38, 507489, 6, 317396, 0
1592, 11625, 2, 4, 0, 0, 17.65%, 1, 0, 4, 327.96, 509129, 6, 318459, 0
1597, 11659, 2, 4, 0, 0, 17.65%, 1, 0, 4, 323.32, 510794, 6, 319516, 0
1602, 11694, 1, 4, 0, 0, 17.65%, 1, 0, 4, 323.36, 512450, 6, 320539, 0
1607, 11728, 3, 4, 0, 0, 17.65%, 1, 0, 4, 320.80, 514105, 6, 321591, 0
1613, 11763, 0, 4, 0, 0, 17.65%, 1, 0, 4, 323.86, 515779, 6, 322652, 0
1618, 11798, 3, 4, 0, 0, 17.65%, 1, 0, 4, 322.30, 517435, 6, 323714, 0
1623, 11832, 2, 4, 0, 0, 17.65%, 1, 0, 4, 320.02, 519089, 6, 324745, 0
1628, 11867, 3, 4, 0, 0, 17.65%, 1, 0, 4, 321.25, 520745, 6, 325779, 0
1633, 11901, 3, 4, 0, 0, 17.65%, 1, 0, 4, 320.62, 522393, 6, 326813, 0
1638, 11935, 0, 4, 0, 0, 17.65%, 1, 0, 4, 317.65, 524025, 6, 327824, 0
1644, 11969, 0, 4, 0, 0, 17.65%, 1, 0, 4, 315.18, 525649, 6, 328824, 0
1649, 12003, 1, 4, 0, 0, 17.65%, 1, 0, 4, 316.63, 527281, 6, 329819, 0
1654, 12037, 2, 4, 0, 0, 17.65%, 1, 0, 4, 319.13, 528929, 6, 330848, 0
1659, 12070, 3, 4, 0, 0, 17.65%, 1, 0, 4, 308.92, 530513, 6, 331844, 0
1664, 12103, 1, 4, 0, 0, 17.65%, 1, 0, 4, 309.82, 532105, 6, 332829, 0
1669, 12138, 2, 4, 0, 0, 17.65%, 1, 0, 4, 320.61, 533747, 6, 333838, 0
1674, 12172, 2, 4, 0, 0, 17.65%, 1, 0, 4, 322.10, 535401, 6, 334864, 0
1680, 12207, 1, 4, 0, 0, 17.65%, 1, 0, 4, 323.76, 537075, 6, 335912, 0
1685, 12241, 3, 4, 0, 0, 17.65%, 1, 0, 4, 320.71, 538713, 6, 336933, 0
1690, 12276, 2, 4, 0, 0, 17.65%, 1, 0, 4, 323.11, 540371, 6, 337992, 0
1695, 12310, 3, 4, 0, 0, 17.65%, 1, 0, 4, 319.85, 542033, 6, 339024, 0
1700, 12344, 3, 4, 0, 0, 17.65%, 1, 0, 4, 319.62, 543658, 6, 340054, 0
1705, 12378, 2, 4, 0, 0, 17.65%, 1, 0, 4, 316.16, 545313, 6, 341107, 0
1710, 12413, 0, 4, 0, 0, 17.65%, 1, 0, 4, 320.66, 546986, 6, 342154, 0
1716, 12447, 1, 4, 0, 0, 17.65%, 1, 0, 4, 314.40, 548617, 6, 343169, 0
1721, 12482, 0, 4, 0, 0, 17.65%, 1, 0, 4, 319.45, 550282, 6, 344209, 0
1726, 12516, 3, 4, 0, 0, 17.65%, 1, 0, 4, 320.10, 551931, 6, 345226, 0
1731, 12551, 1, 4, 0, 0, 17.65%, 1, 0, 4, 322.60, 553593, 6, 346252, 0
1736, 12586, 1, 4, 0, 0, 17.65%, 1, 0, 4, 326.42, 555281, 6, 347304, 0
1741, 12621, 2, 4, 0, 0, 17.65%, 1, 0, 4, 322.39, 556945, 6, 348335, 0
1747, 12656, 2, 4, 0, 0, 17.65%, 1, 0, 4, 323.41, 558617, 6, 349377, 0
1752, 12690, 0, 4, 0, 0, 17.65%, 1, 0, 4, 323.62, 560289, 6, 350437, 0
1757, 12725, 0, 4, 0, 0, 17.65%, 1, 0, 4, 323.12, 561969, 6, 351471, 0
1762, 12760, 2, 4, 0, 0, 17.65%, 1, 0, 4, 322.04, 563618, 6, 352526, 0
1767, 12794, 0, 4, 0, 0, 17.65%, 1, 0, 4, 321.13, 565266, 6, 353573, 0
1772, 12829, 0, 4, 0, 0, 17.65%, 1, 0, 4, 322.40, 566929, 6, 354614, 0
1778, 12864, 3, 4, 0, 0, 17.65%, 1, 0, 4, 325.44, 568611, 6, 355659, 0
1783, 12898, 2, 4, 0, 0, 17.65%, 1, 0, 4, 318.56, 570257, 6, 356694, 0
1788, 12932, 2, 4, 0, 0, 17.65%, 1, 0, 4, 318.24, 571897, 6, 357734, 0
1793, 12966, 1, 4, 0, 0, 17.65%, 1, 0, 4, 319.63, 573537, 6, 358782, 0
1798, 13001, 0, 4, 0, 0, 17.65%, 1, 0, 4, 321.56, 575193, 6, 359818, 0
1803, 13035, 2, 4, 0, 0, 17.65%, 1, 0, 4, 321.88, 576841, 6, 360856, 0
1808, 13070, 1, 4, 0, 0, 17.65%, 1, 0, 4, 323.78, 578515, 6, 361935, 0
1814, 13106, 2, 4, 0, 0, 17.65%, 1, 0, 4, 325.92, 580219, 6, 362998, 0
1819, 13140, 0, 4, 0, 0, 17.65%, 1, 0, 4, 322.43, 581867, 6, 364050, 0
1824, 13175, 1, 4, 0, 0, 17.65%, 1, 0, 4, 322.31, 583529, 6, 365112, 0
1829, 13209, 0, 4, 0, 0, 17.65%, 1, 0, 4, 327.83, 585193, 6, 366167, 0
1834, 13244, 1, 4, 0, 0, 17.65%, 1, 0, 4, 323.02, 586849, 6, 367184, 0
1839, 13278, 2, 4, 0, 0, 17.65%, 1, 0, 4, 320.21, 588481, 6, 368240, 0
1844, 13312, 2, 4, 0, 0, 17.65%, 1, 0, 4, 318.97, 590130, 6, 369271, 0
1850, 13347, 0, 4, 0, 0, 17.65%, 1, 0, 4, 322.82, 591809, 6, 370320, 0
1855, 13381, 2, 4, 0, 0, 17.65%, 1, 0, 4, 320.22, 593450, 6, 371345, 0
1860, 13416, 1, 4, 0, 0, 17.65%, 1, 0, 4, 320.76, 595121, 6, 372402, 0
1865, 13451, 1, 4, 0, 0, 17.65%, 1, 0, 4, 324.46, 596811, 6, 373456, 0
1870, 13486, 1, 4, 0, 0, 17.65%, 1, 0, 4, 325.75, 598489, 6, 374530, 0
1875, 13521, 2, 4, 0, 0, 17.65%, 1, 0, 4, 321.77, 600146, 6, 375570, 0
1880, 13555, 0, 4, 0, 0, 17.65%, 1, 0, 4, 320.07, 601793, 6, 376603, 0
1886, 13589, 3, 4, 0, 0, 17.65%, 1, 0, 4, 321.64, 603434, 6, 377631, 0
1891, 13624, 2, 4, 0, 0, 17.65%, 1, 0, 4, 318.38, 605081, 6, 378679, 0
1896, 13658, 3, 4, 0, 0, 17.65%, 1, 0, 4, 323.77, 606753, 6, 379727, 0
1901, 13693, 1, 4, 0, 0, 17.65%, 1, 0, 4, 322.33, 608411, 6, 380781, 0
1906, 13727, 1, 4, 0, 0, 17.65%, 1, 0, 4, 322.97, 610033, 6, 381823, 0
1911, 13761, 3, 4, 0, 0, 17.65%, 1, 0, 4, 321.76, 611690, 6, 382871, 0
1916, 13796, 2, 4, 0, 0, 17.65%, 1, 0, 4, 324.66, 613369, 6, 383918, 0
1921, 13830, 1, 4, 0, 0, 17.65%, 1, 0, 4, 319.70, 615002, 6, 384963, 0
1927, 13864, 2, 4, 0, 0, 17.65%, 1, 0, 4, 318.65, 616634, 6, 386014, 0
1932, 13899, 2, 4, 0, 0, 17.65%, 1, 0, 4, 323.11, 618313, 6, 387051, 0
1937, 13935, 2, 4, 0, 0, 17.65%, 1, 0, 4, 325.45, 620009, 6, 388098, 0
1942, 13970, 0, 4, 0, 0, 17.65%, 1, 0, 4, 326.56, 621699, 6, 389180, 0
1947, 14005, 3, 4, 0, 0, 17.65%, 1, 0, 4, 326.12, 623395, 6, 390233, 0
1953, 14040, 3, 4, 0, 0, 17.65%, 1, 0, 4, 321.35, 625065, 6, 391273, 0
1958, 14074, 0, 4, 0, 0, 17.65%, 1, 0, 4, 319.65, 626706, 6, 392318, 0
1963, 14109, 1, 4, 0, 0, 17.65%, 1, 0, 4, 321.90, 628371, 6, 393385, 0
1968, 14143, 2, 4, 0, 0, 17.65%, 1, 0, 4, 320.71, 630027, 6, 394433, 0
1973, 14178, 1, 4, 0, 0, 17.65%, 1, 0, 4, 321.15, 631681, 6, 395479, 0
1978, 14213, 3, 4, 0, 0, 17.65%, 1, 0, 4, 324.43, 633369, 6, 396555, 0
1983, 14248, 2, 4, 0, 0, 17.65%, 1, 0, 4, 322.56, 635035, 6, 397602, 0
1989, 14282, 0, 4, 0, 0, 17.65%, 1, 0, 4, 322.83, 636697, 6, 398653, 0
1994, 14317, 3, 4, 0, 0, 17.65%, 1, 0, 4, 322.63, 638353, 6, 399676, 0
1999, 14351, 2, 4, 0, 0, 17.65%, 1, 0, 4, 320.92, 639995, 6, 400709, 0
2004, 14385, 3, 4, 0, 0, 17.65%, 1, 0, 4, 321.31, 641649, 6, 401728, 0
2009, 14420, 0, 4, 0, 0, 17.65%, 1, 0, 4, 319.80, 643298, 6, 402772, 0
2014, 14455, 0, 4, 0, 0, 17.65%, 1, 0, 4, 323.44, 644977, 6, 403825, 0
2019, 14489, 1, 4, 0, 0, 17.65%, 1, 0, 4, 321.17, 646619, 6, 404875, 0
2025, 14524, 2, 4, 0, 0, 17.65%, 1, 0, 4, 323.70, 648275, 6, 405906, 0
2030, 14558, 1, 4, 0, 0, 17.65%, 1, 0, 4, 321.94, 649913, 6, 406939, 0
2035, 14593, 1, 4, 0, 0, 17.65%, 1, 0, 4, 325.75, 651603, 6, 407974, 0
2040, 14628, 3, 4, 0, 0, 17.65%, 1, 0, 4, 323.73, 653289, 6, 409042, 0
2045, 14662, 1, 4, 0, 0, 17.65%, 1, 0, 4, 318.41, 654913, 6, 410064, 0
2050, 14697, 3, 4, 0, 0, 17.65%, 1, 0, 4, 322.39, 656579, 6, 411105, 0
2056, 14731, 1, 4, 0, 0, 17.65%, 1, 0, 4, 319.94, 658241, 6, 412163, 0
2061, 14765, 0, 4, 0, 0, 17.65%, 1, 0, 4, 318.77, 659889, 6, 413221, 0
2066, 14800, 0, 4, 0, 0, 17.65%, 1, 0, 4, 323.37, 661570, 6, 414269, 0
2071, 14835, 3, 4, 0, 0, 17.65%, 1, 0, 4, 319.42, 663225, 6, 415303, 0
2076, 14869, 2, 4, 0, 0, 17.65%, 1, 0, 4, 321.85, 664882, 6, 416329, 0
2081, 14904, 3, 4, 0, 0, 17.65%, 1, 0, 4, 321.18, 666545, 6, 417369, 0
2087, 14938, 1, 4, 0, 0, 17.65%, 1, 0, 4, 319.56, 668178, 6, 418393, 0
2092, 14973, 3, 4, 0, 0, 17.65%, 1, 0, 4, 322.29, 669842, 6, 419448, 0
2097, 15008, 2, 4, 0, 0, 17.65%, 1, 0, 4, 326.60, 671539, 6, 420531, 0
2102, 15042, 2, 4, 0, 0, 17.65%, 1, 0, 4, 321.78, 673147, 6, 421532, 0
2107, 15076, 0, 4, 0, 0, 17.65%, 1, 0, 4, 320.94, 674811, 6, 422562, 0
2112, 15111, 0, 4, 0, 0, 17.65%, 1, 0, 4, 323.06, 676482, 6, 423610, 0
2117, 15146, 1, 4, 0, 0, 17.65%, 1, 0, 4, 323.61, 678161, 6, 424662, 0
2123, 15181, 3, 4, 0, 0, 17.65%, 1, 0, 4, 324.37, 679841, 6, 425683, 0
2128, 15216, 0, 4, 0, 0, 17.65%, 1, 0, 4, 323.53, 681523, 6, 426700, 0
2133, 15251, 2, 4, 0, 0, 17.65%, 1, 0, 4, 322.83, 683185, 6, 427756, 0
2138, 15285, 0, 4, 0, 0, 17.65%, 1, 0, 4, 321.19, 684834, 6, 428816, 0
2143, 15320, 3, 4, 0, 0, 17.65%, 1, 0, 4, 325.54, 686529, 6, 429884, 0
2148, 15354, 1, 4, 0, 0, 17.65%, 1, 0, 4, 318.61, 688147, 6, 430916, 0
2153, 15389, 1, 4, 0, 0, 17.65%, 1, 0, 4, 324.72, 689817, 6, 431949, 0
2159, 15424, 3, 4, 0, 0, 17.65%, 1, 0, 4, 322.42, 691482, 6, 432999, 0
2164, 15458, 3, 4, 0, 0, 17.65%, 1, 0, 4, 320.42, 693121, 6, 434032, 0
2169, 15492, 2, 4, 0, 0, 17.65%, 1, 0, 4, 318.46, 694753, 6, 435101, 0
2174, 15526, 3, 4, 0, 0, 17.65%, 1, 0, 4, 321.15, 696403, 6, 436136, 0
2179, 15560, 2, 4, 0, 0, 17.65%, 1, 0, 4, 319.95, 698042, 6, 437161, 0
2184, 15595, 1, 4, 0, 0, 17.65%, 1, 0, 4, 323.26, 699697, 6, 438219, 0
2189, 15630, 1, 4, 0, 0, 17.65%, 1, 0, 4, 327.05, 701403, 6, 439284, 0
2195, 15665, 3, 4, 0, 0, 17.65%, 1, 0, 4, 322.53, 703050, 6, 440308, 0
2200, 15699, 0, 4, 0, 0, 17.65%, 1, 0, 4, 318.58, 704681, 6, 441347, 0
2205, 15734, 3, 4, 0, 0, 17.65%, 1, 0, 4, 322.74, 706363, 6, 442385, 0
2210, 15769, 1, 4, 0, 0, 17.65%, 1, 0, 4, 327.37, 708051, 6, 443451, 0
2215, 15803, 0, 4, 0, 0, 17.65%, 1, 0, 4, 323.51, 709699, 6, 444505, 0
2220, 15838, 0, 4, 0, 0, 17.65%, 1, 0, 4, 324.47, 711377, 6, 445561, 0
2226, 15872, 3, 4, 0, 0, 17.65%, 1, 0, 4, 320.40, 713025, 6, 446579, 0
2231, 15907, 3, 4, 0, 0, 17.65%, 1, 0, 4, 323.78, 714697, 6, 447629, 0
2236, 15942, 1, 4, 0, 0, 17.65%, 1, 0, 4, 322.74, 716371, 6, 448667, 0
2241, 15977, 3, 4, 0, 0, 17.65%, 1, 0, 4, 322.59, 718026, 6, 449707, 0
2246, 16011, 0, 4, 0, 0, 17.65%, 1, 0, 4, 321.89, 719673, 6, 450768, 0
2251, 16046, 0, 4, 0, 0, 17.65%, 1, 0, 4, 323.81, 721353, 6, 451817, 0
2256, 16081, 3, 4, 0, 0, 17.65%, 1, 0, 4, 323.76, 723027, 6, 452880, 0
2262, 16116, 0, 4, 0, 0, 17.65%, 1, 0, 4, 322.70, 724705, 6, 453964, 0
2267, 16150, 0, 4, 0, 0, 17.65%, 1, 0, 4, 321.01, 726369, 6, 455034, 0
2272, 16185, 3, 4, 0, 0, 17.65%, 1, 0, 4, 322.00, 728033, 6, 456066, 0
2277, 16220, 3, 4, 0, 0, 17.65%, 1, 0, 4, 323.92, 729697, 6, 457096, 0
2282, 16254, 3, 4, 0, 0, 17.65%, 1, 0, 4, 322.17, 731355, 6, 458144, 0
2287, 16289, 1, 4, 0, 0, 17.65%, 1, 0, 4, 322.59, 733018, 6, 459186, 0
2293, 16323, 3, 4, 0, 0, 17.65%, 1, 0, 4, 321.97, 734659, 6, 460235, 0
2298, 16358, 0, 4, 0, 0, 17.65%, 1, 0, 4, 321.11, 736313, 6, 461268, 0
2303, 16391, 0, 4, 0, 0, 17.65%, 1, 0, 4, 319.84, 737938, 6, 462317, 0
2308, 16426, 1, 4, 0, 0, 17.65%, 1, 0, 4, 318.85, 739577, 6, 463361, 0
2313, 16460, 2, 4, 0, 0, 17.65%, 1, 0, 4, 322.26, 741250, 6, 464408, 0
2318, 16494, 2, 4, 0, 0, 17.65%, 1, 0, 4, 318.82, 742881, 6, 465419, 0
2323, 16530, 1, 4, 0, 0, 17.65%, 1, 0, 4, 326.77, 744593, 6, 466523, 0
2328, 16565, 1, 4, 0, 0, 17.65%, 1, 0, 4, 332.29, 746283, 6, 467647, 0
2334, 16601, 3, 4, 0, 0, 17.65%, 1, 0, 4, 335.77, 747993, 6, 468734, 0
2339, 16636, 1, 4, 0, 0, 17.65%, 1, 0, 4, 335.61, 749691, 6, 469833, 0
2344, 16672, 2, 4, 0, 0, 17.65%, 1, 0, 4, 338.84, 751417, 6, 470927, 0
2349, 16707, 1, 4, 0, 0, 17.65%, 1, 0, 4, 335.39, 753097, 6, 472012, 0
2354, 16743, 0, 4, 0, 0, 17.65%, 1, 0, 4, 335.41, 754801, 6, 473118, 0
2359, 16777, 2, 4, 0, 0, 17.65%, 1, 0, 4, 329.89, 756449, 6, 474189, 0
2364, 16812, 1, 4, 0, 0, 17.65%, 1, 0, 4, 329.77, 758113, 6, 475262, 0
2369, 16847, 2, 4, 0, 0, 17.65%, 1, 0, 4, 333.11, 759803, 6, 476304, 0
2374, 16882, 3, 4, 0, 0, 17.65%, 1, 0, 4, 334.52, 761489, 6, 477385, 0
2379, 16918, 2, 4, 0, 0, 17.65%, 1, 0, 4, 336.20, 763233, 6, 478506, 0
2384, 16954, 2, 4, 0, 0, 17.65%, 1, 0, 4, 335.33, 764937, 6, 479608, 0
2389, 16989, 0, 4, 0, 0, 17.65%, 1, 0, 4, 333.57, 766626, 6, 480687, 0
2394, 17024, 1, 4, 0, 0, 17.65%, 1, 0, 4, 333.27, 768321, 6, 481774, 0
2399, 17060, 2, 4, 0, 0, 17.65%, 1, 0, 4, 333.79, 770009, 6, 482869, 0
2404, 17095, 1, 4, 0, 0, 17.65%, 1, 0, 4, 333.10, 771697, 6, 483947, 0
2409, 17130, 3, 4, 0, 0, 17.65%, 1, 0, 4, 334.58, 773379, 6, 485008, 0
2415, 17165, 3, 4, 0, 0, 17.65%, 1, 0, 4, 333.55, 775065, 6, 486090, 0
2420, 17201, 0, 4, 0, 0, 17.65%, 1, 0, 4, 330.44, 776779, 6, 487171, 0
2425, 17235, 2, 4, 0, 0, 17.65%, 1, 0, 4, 330.41, 778433, 6, 488210, 0
2430, 17271, 0, 4, 0, 0, 17.65%, 1, 0, 4, 330.50, 780147, 6, 489288, 0
2435, 17305, 1, 4, 0, 0, 17.65%, 1, 0, 4, 330.26, 781809, 6, 490336, 0
2440, 17341, 1, 4, 0, 0, 17.65%, 1, 0, 4, 329.52, 783521, 6, 491409, 0
2445, 17376, 2, 4, 0, 0, 17.65%, 1, 0, 4, 327.10, 785210, 6, 492501, 0
2450, 17412, 1, 4, 0, 0, 17.65%, 1, 0, 4, 327.87, 786915, 6, 493575, 0
2456, 17446, 0, 4, 0, 0, 17.65%, 1, 0, 4, 327.66, 788569, 6, 494624, 0
2461, 17482, 2, 4, 0, 0, 17.65%, 1, 0, 4, 327.64, 790265, 6, 495698, 0
2466, 17517, 0, 4, 0, 0, 17.65%, 1, 0, 4, 325.38, 791953, 6, 496796, 0
2471, 17551, 2, 4, 0, 0, 17.65%, 1, 0, 4, 330.33, 793617, 6, 497861, 0
2476, 17586, 3, 4, 0, 0, 17.65%, 1, 0, 4, 330.34, 795273, 6, 498927, 0
2481, 17620, 1, 4, 0, 0, 17.65%, 1, 0, 4, 329.74, 796921, 6, 499997, 0
2486, 17655, 2, 4, 0, 0, 17.65%, 1, 0, 4, 330.24, 798579, 6, 501046, 0
2491, 17690, 1, 4, 0, 0, 17.65%, 1, 0, 4, 331.98, 800249, 6, 502108, 0
2496, 17724, 0, 4, 0, 0, 17.65%, 1, 0, 4, 331.16, 801913, 6, 503169, 0
2501, 17760, 3, 4, 0, 0, 17.65%, 1, 0, 4, 330.33, 803625, 6, 504277, 0
2506, 17795, 2, 4, 0, 0, 17.65%, 1, 0, 4, 329.93, 805291, 6, 505343, 0
2511, 17829, 1, 4, 0, 0, 17.65%, 1, 0, 4, 330.65, 806961, 6, 506418, 0
2516, 17865, 0, 4, 0, 0, 17.65%, 1, 0, 4, 331.50, 808689, 6, 507507, 0
2521, 17900, 3, 4, 0, 0, 17.65%, 1, 0, 4, 331.21, 810345, 6, 508560, 0
2526, 17935, 0, 4, 0, 0, 17.65%, 1, 0, 4, 330.62, 812009, 6, 509606, 0
2532, 17969, 0, 4, 0, 0, 17.65%, 1, 0, 4, 330.02, 813673, 6, 510674, 0
2537, 18005, 0, 4, 0, 0, 17.65%, 1, 0, 4, 330.58, 815393, 6, 511779, 0
2542, 18040, 2, 4, 0, 0, 17.65%, 1, 0, 4, 333.20, 817082, 6, 512836, 0
2547, 18075, 0, 4, 0, 0, 17.65%, 1, 0, 4, 330.83, 818739, 6, 513899, 0
2552, 18111, 1, 4, 0, 0, 17.65%, 1, 0, 4, 330.71, 820457, 6, 515004, 0
2557, 18145, 2, 4, 0, 0, 17.65%, 1, 0, 4, 332.04, 822113, 6, 516063, 0
2562, 18181, 0, 4, 0, 0, 17.65%, 1, 0, 4, 328.71, 823827, 6, 517152, 0
2567, 18216, 3, 4, 0, 0, 17.65%, 1, 0, 4, 331.38, 825491, 6, 518205, 0
2572, 18250, 0, 4, 0, 0, 17.65%, 1, 0, 4, 330.79, 827153, 6, 519274, 0
2577, 18286, 1, 4, 0, 0, 17.65%, 1, 0, 4, 331.58, 828881, 6, 520369, 0
2583, 18322, 3, 4, 0, 0, 17.65%, 1, 0, 4, 329.40, 830585, 6, 521479, 0
2588, 18357, 0, 4, 0, 0, 17.65%, 1, 0, 4, 328.69, 832297, 6, 522569, 0
2593, 18392, 1, 4, 0, 0, 17.65%, 1, 0, 4, 325.65, 833962, 6, 523653, 0
2598, 18420, 1, 4, 0, 0, 17.65%, 1, 0, 4, 277.57, 835328, 6, 524420, 0
2603, 18451, 2, 4, 0, 0, 17.65%, 1, 0, 4, 290.71, 836776, 6, 525238, 0
2608, 18485, 0, 4, 0, 0, 17.65%, 1, 0, 4, 315.42, 838418, 6, 526256, 0
2613, 18519, 2, 4, 0, 0, 17.65%, 1, 0, 4, 318.46, 840073, 6, 527254, 0
2619, 18553, 0, 4, 0, 0, 17.65%, 1, 0, 4, 316.49, 841689, 6, 528266, 0
2624, 18587, 2, 4, 0, 0, 17.65%, 1, 0, 4, 317.45, 843321, 6, 529290, 0
2629, 18621, 1, 4, 0, 0, 17.65%, 1, 0, 4, 322.07, 844977, 6, 530330, 0
2634, 18655, 3, 4, 0, 0, 17.65%, 1, 0, 4, 312.96, 846585, 6, 531315, 0
2639, 18685, 3, 4, 0, 0, 17.65%, 1, 0, 4, 285.17, 848048, 6, 532183, 0
2644, 18716, 3, 4, 0, 0, 17.65%, 1, 0, 4, 281.65, 849496, 6, 533018, 0
2649, 18748, 2, 4, 0, 0, 17.65%, 1, 0, 4, 306.28, 851049, 6, 533946, 0
2655, 18781, 3, 4, 0, 0, 17.65%, 1, 0, 4, 302.62, 852617, 6, 534883, 0
2660, 18816, 0, 4, 0, 0, 17.65%, 1, 0, 4, 321.59, 854305, 6, 535942, 0
2665, 18850, 1, 4, 0, 0, 17.65%, 1, 0, 4, 319.22, 855937, 6, 536981, 0
2670, 18883, 0, 4, 0, 0, 17.65%, 1, 0, 4, 313.86, 857545, 6, 537980, 0
2675, 18918, 3, 4, 0, 0, 17.65%, 1, 0, 4, 319.98, 859201, 6, 538998, 0
2680, 18952, 3, 4, 0, 0, 17.65%, 1, 0, 4, 322.01, 860841, 6, 540021, 0
2685, 18987, 2, 4, 0, 0, 17.65%, 1, 0, 4, 322.65, 862514, 6, 541053, 0
2691, 19022, 3, 4, 0, 0, 17.65%, 1, 0, 4, 322.88, 864186, 6, 542081, 0
2696, 19056, 2, 4, 0, 0, 17.65%, 1, 0, 4, 325.34, 865817, 6, 543099, 0
2701, 19090, 2, 4, 0, 0, 17.65%, 1, 0, 4, 322.32, 867466, 6, 544129, 0
2706, 19124, 3, 4, 0, 0, 17.65%, 1, 0, 4, 319.03, 869097, 6, 545143, 0
2711, 19158, 0, 4, 0, 0, 17.65%, 1, 0, 4, 318.19, 870729, 6, 546190, 0
2716, 19192, 1, 4, 0, 0, 17.65%, 1, 0, 4, 321.21, 872386, 6, 547227, 0
2721, 19227, 3, 4, 0, 0, 17.65%, 1, 0, 4, 324.63, 874065, 6, 548293, 0
2726, 19262, 0, 4, 0, 0, 17.65%, 1, 0, 4, 324.67, 875729, 6, 549306, 0
2732, 19296, 3, 4, 0, 0, 17.65%, 1, 0, 4, 322.11, 877371, 6, 550355, 0
2737, 19330, 1, 4, 0, 0, 17.65%, 1, 0, 4, 320.78, 879001, 6, 551375, 0
2742, 19365, 2, 4, 0, 0, 17.65%, 1, 0, 4, 321.54, 880665, 6, 552417, 0
2747, 19399, 3, 4, 0, 0, 17.65%, 1, 0, 4, 318.27, 882281, 6, 553430, 0
2752, 19433, 2, 4, 0, 0, 17.65%, 1, 0, 4, 321.53, 883945, 6, 554440, 0
2757, 19467, 1, 4, 0, 0, 17.65%, 1, 0, 4, 317.36, 885561, 6, 555472, 0
2762, 19501, 2, 4, 0, 0, 17.65%, 1, 0, 4, 317.96, 887185, 6, 556491, 0
2767, 19534, 3, 4, 0, 0, 17.65%, 1, 0, 4, 315.36, 888793, 6, 557518, 0
2773, 19569, 2, 4, 0, 0, 17.65%, 1, 0, 4, 320.35, 890449, 6, 558565, 0
2778, 19603, 1, 4, 0, 0, 17.65%, 1, 0, 4, 322.12, 892105, 6, 559595, 0
2783, 19638, 0, 4, 0, 0, 17.65%, 1, 0, 4, 319.09, 893753, 6, 560619, 0
2788, 19672, 2, 4, 0, 0, 17.65%, 1, 0, 4, 321.23, 895402, 6, 561666, 0
2793, 19706, 2, 4, 0, 0, 17.65%, 1, 0, 4, 319.30, 897050, 6, 562687, 0
2798, 19740, 2, 4, 0, 0, 17.65%, 1, 0, 4, 320.50, 898689, 6, 563716, 0
2803, 19774, 3, 4, 0, 0, 17.65%, 1, 0, 4, 319.22, 900321, 6, 564739, 0
2808, 19808, 3, 4, 0, 0, 17.65%, 1, 0, 4, 323.38, 901945, 6, 565728, 0
2814, 19843, 0, 4, 0, 0, 17.65%, 1, 0, 4, 321.27, 903595, 6, 566787, 0
2819, 19876, 0, 4, 0, 0, 17.65%, 1, 0, 4, 318.29, 905209, 6, 567797, 0
2824, 19911, 2, 4, 0, 0, 17.65%, 1, 0, 4, 320.29, 906859, 6, 568829, 0
2829, 19945, 3, 4, 0, 0, 17.65%, 1, 0, 4, 319.14, 908490, 6, 569847, 0
2834, 19978, 3, 4, 0, 0, 17.65%, 1, 0, 4, 316.71, 910105, 6, 570867, 0
2839, 20012, 3, 4, 0, 0, 17.65%, 1, 0, 4, 321.10, 911746, 6, 571911, 0
2844, 20047, 2, 4, 0, 0, 17.65%, 1, 0, 4, 322.94, 913401, 6, 572954, 0
2849, 20081, 1, 4, 0, 0, 17.65%, 1, 0, 4, 318.89, 915033, 6, 573980, 0
2854, 20115, 3, 4, 0, 0, 17.65%, 1, 0, 4, 319.46, 916681, 6, 575001, 0
2860, 20150, 0, 4, 0, 0, 17.65%, 1, 0, 4, 323.68, 918361, 6, 576070, 0
2865, 20185, 2, 4, 0, 0, 17.65%, 1, 0, 4, 322.81, 920026, 6, 577132, 0
2870, 20219, 1, 4, 0, 0, 17.65%, 1, 0, 4, 320.02, 921658, 6, 578127, 0
2875, 20253, 2, 4, 0, 0, 17.65%, 1, 0, 4, 318.59, 923297, 6, 579144, 0
2880, 20287, 0, 4, 0, 0, 17.65%, 1, 0, 4, 316.91, 924929, 6, 580173, 0
2885, 20321, 2, 4, 0, 0, 17.65%, 1, 0, 4, 316.96, 926553, 6, 581199, 0
2890, 20355, 2, 4, 0, 0, 17.65%, 1, 0, 4, 318.84, 928186, 6, 582210, 0
2896, 20389, 2, 4, 0, 0, 17.65%, 1, 0, 4, 321.12, 929841, 6, 583253, 0
2901, 20424, 2, 4, 0, 0, 17.65%, 1, 0, 4, 322.19, 931506, 6, 584314, 0
2906, 20458, 3, 4, 0, 0, 17.65%, 1, 0, 4, 320.85, 933146, 6, 585351, 0
2911, 20492, 0, 4, 0, 0, 17.65%, 1, 0, 4, 318.53, 934769, 6, 586373, 0
2916, 20525, 3, 4, 0, 0, 17.65%, 1, 0, 4, 308.72, 936362, 6, 587359, 0
2921, 20558, 1, 4, 0, 0, 17.65%, 1, 0, 4, 312.37, 937954, 6, 588352, 0
2926, 20590, 0, 4, 0, 0, 17.65%, 1, 0, 4, 289.80, 939459, 6, 589230, 0
2931, 20623, 0, 4, 0, 0, 17.65%, 1, 0, 4, 309.56, 941065, 6, 590219, 0
2937, 20658, 3, 4, 0, 0, 17.65%, 1, 0, 4, 317.80, 942707, 6, 591241, 0
2942, 20691, 2, 4, 0, 0, 17.65%, 1, 0, 4, 315.99, 944329, 6, 592266, 0
2947, 20726, 2, 4, 0, 0, 17.65%, 1, 0, 4, 317.51, 945977, 6, 593301, 0
2952, 20759, 2, 4, 0, 0, 17.65%, 1, 0, 4, 314.91, 947569, 6, 594284, 0
2957, 20793, 3, 4, 0, 0, 17.65%, 1, 0, 4, 321.11, 949218, 6, 595318, 0
2962, 20828, 0, 4, 0, 0, 17.65%, 1, 0, 4, 322.76, 950889, 6, 596370, 0
2967, 20863, 2, 4, 0, 0, 17.65%, 1, 0, 4, 320.48, 952553, 6, 597396, 0
2973, 20897, 1, 4, 0, 0, 17.65%, 1, 0, 4, 321.93, 954210, 6, 598425, 0
2978, 20931, 0, 4, 0, 0, 17.65%, 1, 0, 4, 320.95, 955850, 6, 599457, 0
2983, 20966, 3, 4, 0, 0, 17.65%, 1, 0, 4, 321.48, 957505, 6, 600486, 0
2988, 21000, 1, 4, 0, 0, 17.65%, 1, 0, 4, 320.40, 959145, 6, 601531, 0
2993, 21035, 2, 4, 0, 0, 17.65%, 1, 0, 4, 322.41, 960809, 6, 602562, 0
2998, 21069, 1, 4, 0, 0, 17.65%, 1, 0, 4, 321.18, 962443, 6, 603595, 0
3003, 21103, 3, 4, 0, 0, 17.65%, 1, 0, 4, 318.57, 964074, 6, 604608, 0
3009, 21137, 3, 4, 0, 0, 17.65%, 1, 0, 4, 317.79, 965699, 6, 605610, 0
3014, 21171, 3, 4, 0, 0, 17.65%, 1, 0, 4, 321.78, 967355, 6, 606651, 0
3019, 21205, 2, 4, 0, 0, 17.65%, 1, 0, 4, 320.36, 969003, 6, 607680, 0
3024, 21240, 1, 4, 0, 0, 17.65%, 1, 0, 4, 322.32, 970665, 6, 608724, 0
3029, 21274, 0, 4, 0, 0, 17.65%, 1, 0, 4, 318.64, 972283, 6, 609758, 0
3034, 21308, 2, 4, 0, 0, 17.65%, 1, 0, 4, 318.88, 973921, 6, 610789, 0
3039, 21341, 1, 4, 0, 0, 17.65%, 1, 0, 4, 313.32, 975521, 6, 611783, 0
3044, 21372, 2, 4, 0, 0, 17.65%, 1, 0, 4, 303.96, 977025, 6, 612699, 0
3045, 21374, 3, 4, 0, 0, 17.65%, 1, 0, 4, 300.42, 977093, 6, 612742, 0
