# relative_time, cycles_done, cur_item, corpus_count, pending_total, pending_favs, map_size, saved_crashes, saved_hangs, max_depth, execs_per_sec, total_execs, edges_found, total_crashes, servers_count
61, 29, 0, 3, 0, 0, 43.33%, 0, 0, 2, 488.22, 30231, 13, 0, 0
66, 31, 0, 3, 0, 0, 43.33%, 0, 0, 2, 479.09, 32611, 13, 0, 0
71, 34, 1, 3, 0, 0, 43.33%, 0, 0, 2, 483.89, 35121, 13, 0, 0
76, 36, 1, 3, 0, 0, 43.33%, 0, 0, 2, 476.19, 37602, 13, 0, 0
81, 39, 2, 3, 0, 0, 43.33%, 0, 0, 2, 453.82, 39876, 13, 0, 0
86, 41, 1, 3, 0, 0, 43.33%, 0, 0, 2, 461.40, 42175, 13, 0, 0
91, 43, 1, 3, 0, 0, 43.33%, 0, 0, 2, 450.54, 44431, 13, 0, 0
96, 46, 1, 3, 0, 0, 43.33%, 0, 0, 2, 458.26, 46748, 13, 0, 0
101, 48, 1, 3, 0, 0, 43.33%, 0, 0, 2, 472.68, 49193, 13, 0, 0
107, 51, 1, 3, 0, 0, 43.33%, 0, 0, 2, 479.72, 51685, 13, 0, 0
112, 53, 1, 3, 0, 0, 43.33%, 0, 0, 2, 487.67, 54193, 13, 0, 0
117, 56, 1, 3, 0, 0, 43.33%, 0, 0, 2, 488.01, 56703, 13, 0, 0
122, 58, 1, 3, 0, 0, 43.33%, 0, 0, 2, 481.25, 59175, 13, 0, 0
127, 61, 1, 3, 0, 0, 43.33%, 0, 0, 2, 484.01, 61667, 13, 0, 0
132, 63, 1, 3, 0, 0, 43.33%, 0, 0, 2, 486.20, 64166, 13, 0, 0
137, 66, 1, 3, 0, 0, 43.33%, 0, 0, 2, 479.21, 66667, 13, 0, 0
143, 68, 1, 3, 0, 0, 43.33%, 0, 0, 2, 466.40, 68984, 13, 0, 0
148, 70, 1, 3, 0, 0, 43.33%, 0, 0, 2, 483.93, 71539, 13, 0, 0
153, 73, 0, 3, 0, 0, 43.33%, 0, 0, 2, 489.49, 74021, 13, 0, 0
158, 75, 1, 3, 0, 0, 43.33%, 0, 0, 2, 488.31, 76521, 13, 0, 0
163, 78, 1, 3, 0, 0, 43.33%, 0, 0, 2, 495.83, 79049, 13, 0, 0
168, 80, 1, 3, 0, 0, 43.33%, 0, 0, 2, 486.72, 81584, 13, 0, 0
174, 83, 1, 3, 0, 0, 43.33%, 0, 0, 2, 478.54, 84002, 13, 0, 0
179, 85, 2, 3, 0, 0, 43.33%, 0, 0, 2, 485.31, 86503, 13, 0, 0
184, 88, 1, 3, 0, 0, 43.33%, 0, 0, 2, 482.87, 88975, 13, 0, 0
189, 90, 1, 3, 0, 0, 43.33%, 0, 0, 2, 487.71, 91494, 13, 0, 0
194, 93, 0, 3, 0, 0, 43.33%, 0, 0, 2, 488.24, 94002, 13, 0, 0
199, 95, 0, 3, 0, 0, 43.33%, 0, 0, 2, 482.67, 96503, 13, 0, 0
204, 98, 1, 3, 0, 0, 43.33%, 0, 0, 2, 478.53, 98984, 13, 0, 0
210, 100, 0, 3, 0, 0, 43.33%, 0, 0, 2, 482.24, 101485, 13, 0, 0
215, 103, 2, 3, 0, 0, 43.33%, 0, 0, 2, 481.65, 103975, 13, 0, 0
220, 105, 1, 3, 0, 0, 43.33%, 0, 0, 2, 487.31, 106467, 13, 0, 0
225, 108, 1, 3, 0, 0, 43.33%, 0, 0, 2, 457.06, 108766, 13, 0, 0
230, 110, 2, 3, 0, 0, 43.33%, 0, 0, 2, 478.05, 111267, 13, 0, 0
235, 113, 0, 3, 0, 0, 43.33%, 0, 0, 2, 480.37, 113739, 13, 0, 0
240, 115, 1, 3, 0, 0, 43.33%, 0, 0, 2, 486.93, 116240, 13, 0, 0
245, 118, 1, 3, 0, 0, 43.33%, 0, 0, 2, 484.91, 118721, 13, 0, 0
251, 120, 1, 3, 0, 0, 43.33%, 0, 0, 2, 486.42, 121220, 13, 0, 0
256, 123, 1, 3, 0, 0, 43.33%, 0, 0, 2, 484.61, 123712, 13, 0, 0
261, 125, 2, 3, 0, 0, 43.33%, 0, 0, 2, 468.12, 126103, 13, 0, 0
266, 127, 1, 3, 0, 0, 43.33%, 0, 0, 2, 481.09, 128620, 13, 0, 0
271, 130, 2, 3, 0, 0, 43.33%, 0, 0, 2, 477.14, 131011, 13, 0, 0
276, 132, 1, 3, 0, 0, 43.33%, 0, 0, 2, 483.82, 133512, 13, 0, 0
281, 135, 1, 3, 0, 0, 43.33%, 0, 0, 2, 480.17, 135984, 13, 0, 0
287, 137, 1, 3, 0, 0, 43.33%, 0, 0, 2, 485.80, 138485, 13, 0, 0
292, 140, 1, 3, 0, 0, 43.33%, 0, 0, 2, 487.13, 140975, 13, 0, 0
297, 142, 1, 3, 0, 0, 43.33%, 0, 0, 2, 490.68, 143476, 13, 0, 0
302, 145, 1, 3, 0, 0, 43.33%, 0, 0, 2, 487.48, 145966, 13, 0, 0
307, 147, 1, 3, 0, 0, 43.33%, 0, 0, 2, 489.13, 148467, 13, 0, 0
312, 150, 1, 3, 0, 0, 43.33%, 0, 0, 2, 488.89, 150966, 13, 0, 0
317, 152, 1, 3, 0, 0, 43.33%, 0, 0, 2, 488.95, 153467, 13, 0, 0
322, 155, 1, 3, 0, 0, 43.33%, 0, 0, 2, 485.88, 155957, 13, 0, 0
328, 157, 0, 3, 0, 0, 43.33%, 0, 0, 2, 481.23, 158458, 13, 0, 0
333, 160, 0, 3, 0, 0, 43.33%, 0, 0, 2, 481.12, 160957, 13, 0, 0
338, 162, 0, 3, 0, 0, 43.33%, 0, 0, 2, 480.90, 163458, 13, 0, 0
343, 165, 1, 3, 0, 0, 43.33%, 0, 0, 2, 488.79, 165984, 13, 0, 0
348, 167, 1, 3, 0, 0, 43.33%, 0, 0, 2, 494.88, 168521, 13, 0, 0
353, 170, 1, 3, 0, 0, 43.33%, 0, 0, 2, 498.55, 171103, 13, 0, 0
358, 172, 1, 3, 0, 0, 43.33%, 0, 0, 2, 498.51, 173621, 13, 0, 0
364, 175, 0, 3, 0, 0, 43.33%, 0, 0, 2, 496.94, 176202, 13, 0, 0
369, 178, 1, 3, 0, 0, 43.33%, 0, 0, 2, 498.29, 178721, 13, 0, 0
374, 180, 0, 3, 0, 0, 43.33%, 0, 0, 2, 496.27, 181221, 13, 0, 0
379, 183, 2, 3, 0, 0, 43.33%, 0, 0, 2, 499.01, 183775, 13, 0, 0
384, 185, 1, 3, 0, 0, 43.33%, 0, 0, 2, 499.62, 186357, 13, 0, 0
389, 188, 2, 3, 0, 0, 43.33%, 0, 0, 2, 500.17, 188872, 13, 0, 0
394, 190, 1, 3, 0, 0, 43.33%, 0, 0, 2, 499.56, 191458, 13, 0, 0
399, 193, 1, 3, 0, 0, 43.33%, 0, 0, 2, 499.88, 194040, 13, 0, 0
404, 195, 1, 3, 0, 0, 43.33%, 0, 0, 2, 497.87, 196521, 13, 0, 0
410, 198, 1, 3, 0, 0, 43.33%, 0, 0, 2, 500.60, 199132, 13, 0, 0
415, 201, 1, 3, 0, 0, 43.33%, 0, 0, 2, 501.64, 201652, 13, 0, 0
420, 203, 1, 3, 0, 0, 43.33%, 0, 0, 2, 501.38, 204252, 13, 0, 0
425, 206, 2, 3, 0, 0, 43.33%, 0, 0, 2, 500.31, 206842, 13, 0, 0
430, 208, 1, 3, 0, 0, 43.33%, 0, 0, 2, 498.86, 209393, 13, 0, 0
435, 211, 2, 3, 0, 0, 43.33%, 0, 0, 2, 501.01, 211932, 13, 0, 0
440, 213, 1, 3, 0, 0, 43.33%, 0, 0, 2, 502.09, 214512, 13, 0, 0
445, 216, 0, 3, 0, 0, 43.33%, 0, 0, 2, 502.42, 217102, 13, 0, 0
451, 219, 1, 3, 0, 0, 43.33%, 0, 0, 2, 503.19, 219692, 13, 0, 0
456, 221, 1, 3, 0, 0, 43.33%, 0, 0, 2, 502.98, 222292, 13, 0, 0
461, 224, 1, 3, 0, 0, 43.33%, 0, 0, 2, 501.61, 224872, 13, 0, 0
466, 226, 1, 3, 0, 0, 43.33%, 0, 0, 2, 502.32, 227462, 13, 0, 0
471, 229, 1, 3, 0, 0, 43.33%, 0, 0, 2, 502.30, 230042, 13, 0, 0
476, 232, 2, 3, 0, 0, 43.33%, 0, 0, 2, 502.38, 232632, 13, 0, 0
481, 234, 1, 3, 0, 0, 43.33%, 0, 0, 2, 469.75, 235040, 13, 0, 0
487, 236, 1, 3, 0, 0, 43.33%, 0, 0, 2, 459.53, 237449, 13, 0, 0
492, 239, 1, 3, 0, 0, 43.33%, 0, 0, 2, 485.05, 239957, 13, 0, 0
497, 241, 2, 3, 0, 0, 43.33%, 0, 0, 2, 491.13, 242476, 13, 0, 0
502, 244, 1, 3, 0, 0, 43.33%, 0, 0, 2, 496.46, 245021, 13, 0, 0
507, 246, 1, 3, 0, 0, 43.33%, 0, 0, 2, 491.97, 247512, 13, 0, 0
512, 249, 2, 3, 0, 0, 43.33%, 0, 0, 2, 494.02, 250021, 13, 0, 0
517, 251, 1, 3, 0, 0, 43.33%, 0, 0, 2, 485.89, 252494, 13, 0, 0
522, 254, 0, 3, 0, 0, 43.33%, 0, 0, 2, 478.85, 254975, 13, 0, 0
528, 256, 1, 3, 0, 0, 43.33%, 0, 0, 2, 471.58, 257440, 13, 0, 0
533, 259, 1, 3, 0, 0, 43.33%, 0, 0, 2, 478.86, 259903, 13, 0, 0
538, 261, 1, 3, 0, 0, 43.33%, 0, 0, 2, 492.12, 262420, 13, 0, 0
543, 264, 1, 3, 0, 0, 43.33%, 0, 0, 2, 490.16, 264912, 13, 0, 0
548, 266, 1, 3, 0, 0, 43.33%, 0, 0, 2, 492.01, 267420, 13, 0, 0
553, 269, 1, 3, 0, 0, 43.33%, 0, 0, 2, 492.80, 269921, 13, 0, 0
558, 271, 1, 3, 0, 0, 43.33%, 0, 0, 2, 489.05, 272411, 13, 0, 0
563, 274, 1, 3, 0, 0, 43.33%, 0, 0, 2, 495.57, 274921, 13, 0, 0
568, 276, 2, 3, 0, 0, 43.33%, 0, 0, 2, 492.23, 277420, 13, 0, 0
573, 279, 2, 3, 0, 0, 43.33%, 0, 0, 2, 489.25, 279903, 13, 0, 0
579, 281, 1, 3, 0, 0, 43.33%, 0, 0, 2, 480.67, 282384, 13, 0, 0
584, 284, 2, 3, 0, 0, 43.33%, 0, 0, 2, 470.52, 284840, 13, 0, 0
589, 286, 2, 3, 0, 0, 43.33%, 0, 0, 2, 477.92, 287276, 13, 0, 0
594, 289, 1, 3, 0, 0, 43.33%, 0, 0, 2, 487.24, 289784, 13, 0, 0
599, 291, 1, 3, 0, 0, 43.33%, 0, 0, 2, 488.23, 292276, 13, 0, 0
604, 294, 2, 3, 0, 0, 43.33%, 0, 0, 2, 486.90, 294757, 13, 0, 0
609, 296, 1, 3, 0, 0, 43.33%, 0, 0, 2, 479.47, 297231, 13, 0, 0
615, 298, 1, 3, 0, 0, 43.33%, 0, 0, 2, 471.45, 299584, 13, 0, 0
620, 301, 1, 3, 0, 0, 43.33%, 0, 0, 2, 480.04, 302049, 13, 0, 0
625, 303, 1, 3, 0, 0, 43.33%, 0, 0, 2, 486.47, 304548, 13, 0, 0
630, 306, 1, 3, 0, 0, 43.33%, 0, 0, 2, 485.46, 307040, 13, 0, 0
635, 308, 1, 3, 0, 0, 43.33%, 0, 0, 2, 494.47, 309611, 13, 0, 0
640, 311, 1, 3, 0, 0, 43.33%, 0, 0, 2, 490.81, 312121, 13, 0, 0
645, 313, 2, 3, 0, 0, 43.33%, 0, 0, 2, 490.78, 314611, 13, 0, 0
650, 316, 1, 3, 0, 0, 43.33%, 0, 0, 2, 491.90, 317112, 13, 0, 0
656, 318, 1, 3, 0, 0, 43.33%, 0, 0, 2, 479.40, 319584, 13, 0, 0
661, 321, 1, 3, 0, 0, 43.33%, 0, 0, 2, 473.27, 321966, 13, 0, 0
666, 323, 1, 3, 0, 0, 43.33%, 0, 0, 2, 467.95, 324330, 13, 0, 0
671, 326, 2, 3, 0, 0, 43.33%, 0, 0, 2, 478.12, 326820, 13, 0, 0
676, 328, 1, 3, 0, 0, 43.33%, 0, 0, 2, 481.59, 329303, 13, 0, 0
681, 331, 0, 3, 0, 0, 43.33%, 0, 0, 2, 487.23, 331821, 13, 0, 0
686, 333, 2, 3, 0, 0, 43.33%, 0, 0, 2, 489.00, 334321, 13, 0, 0
691, 336, 0, 3, 0, 0, 43.33%, 0, 0, 2, 492.11, 336821, 13, 0, 0
697, 338, 1, 3, 0, 0, 43.33%, 0, 0, 2, 490.13, 339312, 13, 0, 0
702, 341, 1, 3, 0, 0, 43.33%, 0, 0, 2, 484.41, 341802, 13, 0, 0
707, 343, 1, 3, 0, 0, 43.33%, 0, 0, 2, 478.78, 344285, 13, 0, 0
712, 346, 1, 3, 0, 0, 43.33%, 0, 0, 2, 476.68, 346676, 13, 0, 0
717, 348, 2, 3, 0, 0, 43.33%, 0, 0, 2, 478.85, 349067, 13, 0, 0
722, 350, 1, 3, 0, 0, 43.33%, 0, 0, 2, 474.81, 351449, 13, 0, 0
727, 353, 2, 3, 0, 0, 43.33%, 0, 0, 2, 476.06, 353840, 13, 0, 0
732, 355, 1, 3, 0, 0, 43.33%, 0, 0, 2, 484.29, 356339, 13, 0, 0
737, 358, 1, 3, 0, 0, 43.33%, 0, 0, 2, 486.24, 358840, 13, 0, 0
742, 360, 0, 3, 0, 0, 43.33%, 0, 0, 2, 475.91, 361285, 13, 0, 0
748, 363, 2, 3, 0, 0, 43.33%, 0, 0, 2, 484.19, 363820, 13, 0, 0
753, 365, 1, 3, 0, 0, 43.33%, 0, 0, 2, 440.44, 366030, 13, 0, 0
758, 367, 1, 3, 0, 0, 43.33%, 0, 0, 2, 471.61, 368476, 13, 0, 0
763, 370, 1, 3, 0, 0, 43.33%, 0, 0, 2, 474.97, 370939, 13, 0, 0
768, 372, 0, 3, 0, 0, 43.33%, 0, 0, 2, 468.79, 373312, 13, 0, 0
773, 375, 1, 3, 0, 0, 43.33%, 0, 0, 2, 478.03, 375784, 13, 0, 0
778, 377, 1, 3, 0, 0, 43.33%, 0, 0, 2, 488.67, 378303, 13, 0, 0
784, 380, 1, 3, 0, 0, 43.33%, 0, 0, 2, 485.26, 380784, 13, 0, 0
789, 382, 1, 3, 0, 0, 43.33%, 0, 0, 2, 486.42, 383276, 13, 0, 0
794, 385, 1, 3, 0, 0, 43.33%, 0, 0, 2, 487.31, 385775, 13, 0, 0
799, 387, 1, 3, 0, 0, 43.33%, 0, 0, 2, 494.11, 388321, 13, 0, 0
804, 390, 2, 3, 0, 0, 43.33%, 0, 0, 2, 493.35, 390820, 13, 0, 0
809, 392, 1, 3, 0, 0, 43.33%, 0, 0, 2, 493.28, 393321, 13, 0, 0
814, 395, 1, 3, 0, 0, 43.33%, 0, 0, 2, 494.77, 395821, 13, 0, 0
819, 397, 1, 3, 0, 0, 43.33%, 0, 0, 2, 495.77, 398321, 13, 0, 0
824, 400, 1, 3, 0, 0, 43.33%, 0, 0, 2, 482.28, 400793, 13, 0, 0
829, 402, 1, 3, 0, 0, 43.33%, 0, 0, 2, 480.94, 403184, 13, 0, 0
834, 404, 2, 3, 0, 0, 43.33%, 0, 0, 2, 474.09, 405548, 13, 0, 0
839, 407, 1, 3, 0, 0, 43.33%, 0, 0, 2, 486.94, 408058, 13, 0, 0
844, 409, 1, 3, 0, 0, 43.33%, 0, 0, 2, 491.23, 410512, 13, 0, 0
850, 412, 1, 3, 0, 0, 43.33%, 0, 0, 2, 493.31, 413020, 13, 0, 0
855, 414, 1, 3, 0, 0, 43.33%, 0, 0, 2, 495.97, 415521, 13, 0, 0
860, 417, 1, 3, 0, 0, 43.33%, 0, 0, 2, 497.23, 418021, 13, 0, 0
865, 419, 1, 3, 0, 0, 43.33%, 0, 0, 2, 492.40, 420521, 13, 0, 0
870, 422, 0, 3, 0, 0, 43.33%, 0, 0, 2, 496.55, 423021, 13, 0, 0
875, 424, 1, 3, 0, 0, 43.33%, 0, 0, 2, 497.38, 425521, 13, 0, 0
880, 427, 0, 3, 0, 0, 43.33%, 0, 0, 2, 497.11, 428021, 13, 0, 0
885, 429, 1, 3, 0, 0, 43.33%, 0, 0, 2, 497.84, 430557, 13, 0, 0
890, 432, 1, 3, 0, 0, 43.33%, 0, 0, 2, 498.61, 433121, 13, 0, 0
895, 434, 1, 3, 0, 0, 43.33%, 0, 0, 2, 498.74, 435611, 13, 0, 0
900, 437, 2, 3, 0, 0, 43.33%, 0, 0, 2, 497.92, 438121, 13, 0, 0
905, 439, 2, 3, 0, 0, 43.33%, 0, 0, 2, 495.95, 440621, 13, 0, 0
910, 442, 1, 3, 0, 0, 43.33%, 0, 0, 2, 496.06, 443121, 13, 0, 0
915, 444, 1, 3, 0, 0, 43.33%, 0, 0, 2, 494.86, 445621, 13, 0, 0
920, 447, 1, 3, 0, 0, 43.33%, 0, 0, 2, 492.35, 448121, 13, 0, 0
925, 449, 1, 3, 0, 0, 43.33%, 0, 0, 2, 495.84, 450621, 13, 0, 0
930, 452, 1, 3, 0, 0, 43.33%, 0, 0, 2, 484.94, 453112, 13, 0, 0
936, 454, 0, 3, 0, 0, 43.33%, 0, 0, 2, 484.50, 455611, 13, 0, 0
941, 457, 2, 3, 0, 0, 43.33%, 0, 0, 2, 481.76, 458094, 13, 0, 0
946, 459, 1, 3, 0, 0, 43.33%, 0, 0, 2, 479.81, 460566, 13, 0, 0
951, 462, 2, 3, 0, 0, 43.33%, 0, 0, 2, 487.57, 463067, 13, 0, 0
956, 464, 1, 3, 0, 0, 43.33%, 0, 0, 2, 494.73, 465621, 13, 0, 0
961, 467, 1, 3, 0, 0, 43.33%, 0, 0, 2, 482.03, 468103, 13, 0, 0
967, 469, 1, 3, 0, 0, 43.33%, 0, 0, 2, 488.94, 470620, 13, 0, 0
972, 472, 1, 3, 0, 0, 43.33%, 0, 0, 2, 487.30, 473121, 13, 0, 0
977, 474, 1, 3, 0, 0, 43.33%, 0, 0, 2, 471.61, 475449, 13, 0, 0
982, 477, 1, 3, 0, 0, 43.33%, 0, 0, 2, 467.44, 477903, 13, 0, 0
987, 479, 0, 3, 0, 0, 43.33%, 0, 0, 2, 468.24, 480211, 13, 0, 0
992, 482, 0, 3, 0, 0, 43.33%, 0, 0, 2, 490.64, 482721, 13, 0, 0
997, 484, 1, 3, 0, 0, 43.33%, 0, 0, 2, 494.71, 485221, 13, 0, 0
1002, 487, 2, 3, 0, 0, 43.33%, 0, 0, 2, 490.93, 487721, 13, 0, 0
1007, 489, 1, 3, 0, 0, 43.33%, 0, 0, 2, 491.70, 490220, 13, 0, 0
1012, 492, 2, 3, 0, 0, 43.33%, 0, 0, 2, 489.42, 492721, 13, 0, 0
1017, 494, 0, 3, 0, 0, 43.33%, 0, 0, 2, 474.53, 495103, 13, 0, 0
1022, 496, 1, 3, 0, 0, 43.33%, 0, 0, 2, 442.25, 497358, 13, 0, 0
1028, 499, 0, 3, 0, 0, 43.33%, 0, 0, 2, 464.94, 499721, 13, 0, 0
1033, 501, 0, 3, 0, 0, 43.33%, 0, 0, 2, 488.92, 502220, 13, 0, 0
1038, 504, 1, 3, 0, 0, 43.33%, 0, 0, 2, 494.23, 504721, 13, 0, 0
1043, 506, 1, 3, 0, 0, 43.33%, 0, 0, 2, 491.80, 507221, 13, 0, 0
1048, 509, 1, 3, 0, 0, 43.33%, 0, 0, 2, 491.70, 509721, 13, 0, 0
1053, 511, 1, 3, 0, 0, 43.33%, 0, 0, 2, 482.41, 512202, 13, 0, 0
1058, 514, 1, 3, 0, 0, 43.33%, 0, 0, 2, 487.02, 514712, 13, 0, 0
1063, 516, 1, 3, 0, 0, 43.33%, 0, 0, 2, 492.53, 517211, 13, 0, 0
1068, 519, 0, 3, 0, 0, 43.33%, 0, 0, 2, 494.55, 519721, 13, 0, 0
1073, 521, 1, 3, 0, 0, 43.33%, 0, 0, 2, 494.64, 522220, 13, 0, 0
1078, 524, 1, 3, 0, 0, 43.33%, 0, 0, 2, 494.27, 524721, 13, 0, 0
1083, 526, 1, 3, 0, 0, 43.33%, 0, 0, 2, 493.44, 527221, 13, 0, 0
1088, 529, 1, 3, 0, 0, 43.33%, 0, 0, 2, 495.04, 529721, 13, 0, 0
1094, 531, 0, 3, 0, 0, 43.33%, 0, 0, 2, 495.69, 532221, 13, 0, 0
1099, 534, 0, 3, 0, 0, 43.33%, 0, 0, 2, 488.19, 534721, 13, 0, 0
1104, 536, 1, 3, 0, 0, 43.33%, 0, 0, 2, 488.02, 537220, 13, 0, 0
1109, 539, 2, 3, 0, 0, 43.33%, 0, 0, 2, 487.20, 539712, 13, 0, 0
1114, 541, 1, 3, 0, 0, 43.33%, 0, 0, 2, 493.54, 542220, 13, 0, 0
1119, 544, 1, 3, 0, 0, 43.33%, 0, 0, 2, 493.75, 544721, 13, 0, 0
1124, 546, 1, 3, 0, 0, 43.33%, 0, 0, 2, 493.62, 547220, 13, 0, 0
1129, 549, 1, 3, 0, 0, 43.33%, 0, 0, 2, 492.35, 549721, 13, 0, 0
1134, 551, 1, 3, 0, 0, 43.33%, 0, 0, 2, 493.21, 552220, 13, 0, 0
1139, 554, 0, 3, 0, 0, 43.33%, 0, 0, 2, 492.73, 554721, 13, 0, 0
1145, 556, 1, 3, 0, 0, 43.33%, 0, 0, 2, 475.61, 557175, 13, 0, 0
1150, 558, 1, 3, 0, 0, 43.33%, 0, 0, 2, 438.02, 559374, 13, 0, 0
1155, 561, 1, 3, 0, 0, 43.33%, 0, 0, 2, 462.99, 561793, 13, 0, 0
1160, 563, 1, 3, 0, 0, 43.33%, 0, 0, 2, 446.21, 564021, 13, 0, 0
1165, 565, 1, 3, 0, 0, 43.33%, 0, 0, 2, 427.40, 566182, 13, 0, 0
1170, 568, 2, 3, 0, 0, 43.33%, 0, 0, 2, 486.07, 568775, 13, 0, 0
1175, 570, 1, 3, 0, 0, 43.33%, 0, 0, 2, 485.94, 571330, 13, 0, 0
1181, 573, 1, 3, 0, 0, 43.33%, 0, 0, 2, 487.56, 573867, 13, 0, 0
1186, 575, 1, 3, 0, 0, 43.33%, 0, 0, 2, 457.69, 576157, 13, 0, 0
1191, 577, 1, 3, 0, 0, 43.33%, 0, 0, 2, 471.96, 578530, 13, 0, 0
1196, 580, 1, 3, 0, 0, 43.33%, 0, 0, 2, 481.39, 581011, 13, 0, 0
1201, 582, 1, 3, 0, 0, 43.33%, 0, 0, 2, 490.19, 583548, 13, 0, 0
1206, 585, 1, 3, 0, 0, 43.33%, 0, 0, 2, 494.39, 586022, 13, 0, 0
1211, 587, 1, 3, 0, 0, 43.33%, 0, 0, 2, 498.70, 588521, 13, 0, 0
1216, 590, 0, 3, 0, 0, 43.33%, 0, 0, 2, 500.34, 591122, 13, 0, 0
1221, 593, 1, 3, 0, 0, 43.33%, 0, 0, 2, 498.90, 593712, 13, 0, 0
1227, 595, 1, 3, 0, 0, 43.33%, 0, 0, 2, 498.84, 596294, 13, 0, 0
1232, 598, 2, 3, 0, 0, 43.33%, 0, 0, 2, 496.68, 598849, 13, 0, 0
1237, 600, 1, 3, 0, 0, 43.33%, 0, 0, 2, 499.18, 601440, 13, 0, 0
1242, 603, 1, 3, 0, 0, 43.33%, 0, 0, 2, 501.63, 603962, 13, 0, 0
1247, 605, 2, 3, 0, 0, 43.33%, 0, 0, 2, 490.76, 606458, 13, 0, 0
1252, 608, 1, 3, 0, 0, 43.33%, 0, 0, 2, 493.54, 609011, 13, 0, 0
1257, 610, 1, 3, 0, 0, 43.33%, 0, 0, 2, 493.58, 611521, 13, 0, 0
1262, 613, 1, 3, 0, 0, 43.33%, 0, 0, 2, 482.20, 613984, 13, 0, 0
1268, 615, 1, 3, 0, 0, 43.33%, 0, 0, 2, 480.10, 616420, 13, 0, 0
1273, 618, 2, 3, 0, 0, 43.33%, 0, 0, 2, 491.13, 618921, 13, 0, 0
1278, 620, 2, 3, 0, 0, 43.33%, 0, 0, 2, 492.12, 621420, 13, 0, 0
1283, 623, 0, 3, 0, 0, 43.33%, 0, 0, 2, 484.29, 623912, 13, 0, 0
1288, 625, 0, 3, 0, 0, 43.33%, 0, 0, 2, 480.81, 626402, 13, 0, 0
1293, 628, 1, 3, 0, 0, 43.33%, 0, 0, 2, 473.05, 628757, 13, 0, 0
1298, 630, 1, 3, 0, 0, 43.33%, 0, 0, 2, 462.42, 631067, 13, 0, 0
1303, 632, 1, 3, 0, 0, 43.33%, 0, 0, 2, 479.94, 633557, 13, 0, 0
1308, 635, 1, 3, 0, 0, 43.33%, 0, 0, 2, 489.64, 636094, 13, 0, 0
1313, 637, 1, 3, 0, 0, 43.33%, 0, 0, 2, 492.06, 638620, 13, 0, 0
1318, 640, 1, 3, 0, 0, 43.33%, 0, 0, 2, 496.60, 641121, 13, 0, 0
1324, 642, 1, 3, 0, 0, 43.33%, 0, 0, 2, 490.53, 643621, 13, 0, 0
1329, 645, 1, 3, 0, 0, 43.33%, 0, 0, 2, 485.28, 646121, 13, 0, 0
1334, 647, 1, 3, 0, 0, 43.33%, 0, 0, 2, 493.56, 648621, 13, 0, 0
1339, 650, 0, 3, 0, 0, 43.33%, 0, 0, 2, 494.02, 651157, 13, 0, 0
1344, 652, 1, 3, 0, 0, 43.33%, 0, 0, 2, 476.04, 653530, 13, 0, 0
1349, 655, 1, 3, 0, 0, 43.33%, 0, 0, 2, 490.87, 656085, 13, 0, 0
1354, 657, 1, 3, 0, 0, 43.33%, 0, 0, 2, 482.98, 658584, 13, 0, 0
1359, 660, 2, 3, 0, 0, 43.33%, 0, 0, 2, 476.72, 660966, 13, 0, 0
1364, 662, 1, 3, 0, 0, 43.33%, 0, 0, 2, 472.00, 663321, 13, 0, 0
1370, 665, 1, 3, 0, 0, 43.33%, 0, 0, 2, 479.66, 665793, 13, 0, 0
1375, 667, 1, 3, 0, 0, 43.33%, 0, 0, 2, 435.84, 667998, 13, 0, 0
1380, 669, 2, 3, 0, 0, 43.33%, 0, 0, 2, 430.63, 670086, 13, 0, 0
1385, 672, 1, 3, 0, 0, 43.33%, 0, 0, 2, 482.92, 672658, 13, 0, 0
1390, 674, 1, 3, 0, 0, 43.33%, 0, 0, 2, 490.11, 675211, 13, 0, 0
1395, 677, 1, 3, 0, 0, 43.33%, 0, 0, 2, 476.76, 677694, 13, 0, 0
1400, 679, 1, 3, 0, 0, 43.33%, 0, 0, 2, 484.50, 680202, 13, 0, 0
1405, 681, 1, 3, 0, 0, 43.33%, 0, 0, 2, 484.13, 682611, 13, 0, 0
1410, 684, 1, 3, 0, 0, 43.33%, 0, 0, 2, 491.72, 685121, 13, 0, 0
1416, 686, 1, 3, 0, 0, 43.33%, 0, 0, 2, 488.15, 687621, 13, 0, 0
1421, 689, 0, 3, 0, 0, 43.33%, 0, 0, 2, 491.66, 690121, 13, 0, 0
1426, 691, 2, 3, 0, 0, 43.33%, 0, 0, 2, 495.72, 692621, 13, 0, 0
1431, 694, 1, 3, 0, 0, 43.33%, 0, 0, 2, 497.36, 695121, 13, 0, 0
1436, 697, 1, 3, 0, 0, 43.33%, 0, 0, 2, 495.84, 697694, 13, 0, 0
1441, 699, 2, 3, 0, 0, 43.33%, 0, 0, 2, 478.89, 700148, 13, 0, 0
1446, 702, 1, 3, 0, 0, 43.33%, 0, 0, 2, 491.28, 702703, 13, 0, 0
1451, 704, 1, 3, 0, 0, 43.33%, 0, 0, 2, 497.12, 705267, 13, 0, 0
1457, 707, 1, 3, 0, 0, 43.33%, 0, 0, 2, 491.36, 707820, 13, 0, 0
1462, 709, 1, 3, 0, 0, 43.33%, 0, 0, 2, 463.85, 710211, 13, 0, 0
1467, 712, 1, 3, 0, 0, 43.33%, 0, 0, 2, 480.74, 712658, 13, 0, 0
1472, 714, 2, 3, 0, 0, 43.33%, 0, 0, 2, 489.34, 715166, 13, 0, 0
1477, 717, 1, 3, 0, 0, 43.33%, 0, 0, 2, 488.83, 717658, 13, 0, 0
1482, 719, 1, 3, 0, 0, 43.33%, 0, 0, 2, 488.60, 720157, 13, 0, 0
1487, 722, 1, 3, 0, 0, 43.33%, 0, 0, 2, 488.43, 722676, 13, 0, 0
1493, 724, 1, 3, 0, 0, 43.33%, 0, 0, 2, 488.57, 725184, 13, 0, 0
1498, 727, 1, 3, 0, 0, 43.33%, 0, 0, 2, 491.44, 727712, 13, 0, 0
1503, 729, 1, 3, 0, 0, 43.33%, 0, 0, 2, 492.70, 730220, 13, 0, 0
1508, 732, 1, 3, 0, 0, 43.33%, 0, 0, 2, 493.10, 732721, 13, 0, 0
1513, 734, 1, 3, 0, 0, 43.33%, 0, 0, 2, 496.09, 735221, 13, 0, 0
1518, 737, 1, 3, 0, 0, 43.33%, 0, 0, 2, 495.08, 737721, 13, 0, 0
1523, 739, 1, 3, 0, 0, 43.33%, 0, 0, 2, 495.97, 740220, 13, 0, 0
1528, 742, 1, 3, 0, 0, 43.33%, 0, 0, 2, 495.28, 742721, 13, 0, 0
1533, 744, 1, 3, 0, 0, 43.33%, 0, 0, 2, 495.21, 745221, 13, 0, 0
1538, 747, 2, 3, 0, 0, 43.33%, 0, 0, 2, 495.23, 747721, 13, 0, 0
1543, 749, 0, 3, 0, 0, 43.33%, 0, 0, 2, 486.20, 750175, 13, 0, 0
1548, 752, 1, 3, 0, 0, 43.33%, 0, 0, 2, 490.51, 752685, 13, 0, 0
1553, 754, 1, 3, 0, 0, 43.33%, 0, 0, 2, 491.00, 755202, 13, 0, 0
1559, 757, 1, 3, 0, 0, 43.33%, 0, 0, 2, 493.76, 757721, 13, 0, 0
1564, 759, 1, 3, 0, 0, 43.33%, 0, 0, 2, 489.79, 760211, 13, 0, 0
1569, 762, 1, 3, 0, 0, 43.33%, 0, 0, 2, 488.98, 762703, 13, 0, 0
1574, 764, 0, 3, 0, 0, 43.33%, 0, 0, 2, 493.34, 765211, 13, 0, 0
1579, 767, 1, 3, 0, 0, 43.33%, 0, 0, 2, 489.59, 767694, 13, 0, 0
1584, 769, 0, 3, 0, 0, 43.33%, 0, 0, 2, 491.76, 770193, 13, 0, 0
1589, 772, 1, 3, 0, 0, 43.33%, 0, 0, 2, 492.42, 772694, 13, 0, 0
1594, 774, 1, 3, 0, 0, 43.33%, 0, 0, 2, 491.75, 775184, 13, 0, 0
1599, 777, 1, 3, 0, 0, 43.33%, 0, 0, 2, 489.04, 777685, 13, 0, 0
1604, 779, 1, 3, 0, 0, 43.33%, 0, 0, 2, 478.27, 780139, 13, 0, 0
1610, 782, 0, 3, 0, 0, 43.33%, 0, 0, 2, 481.46, 782631, 13, 0, 0
1615, 784, 1, 3, 0, 0, 43.33%, 0, 0, 2, 484.72, 785121, 13, 0, 0
1620, 786, 1, 3, 0, 0, 43.33%, 0, 0, 2, 490.34, 787620, 13, 0, 0
1625, 789, 1, 3, 0, 0, 43.33%, 0, 0, 2, 484.59, 790094, 13, 0, 0
1630, 791, 1, 3, 0, 0, 43.33%, 0, 0, 2, 491.14, 792593, 13, 0, 0
1635, 794, 1, 3, 0, 0, 43.33%, 0, 0, 2, 492.40, 795094, 13, 0, 0
1640, 796, 1, 3, 0, 0, 43.33%, 0, 0, 2, 489.84, 797584, 13, 0, 0
1645, 799, 1, 3, 0, 0, 43.33%, 0, 0, 2, 484.59, 800067, 13, 0, 0
1650, 801, 0, 3, 0, 0, 43.33%, 0, 0, 2, 489.95, 802566, 13, 0, 0
1655, 804, 1, 3, 0, 0, 43.33%, 0, 0, 2, 491.97, 805067, 13, 0, 0
1660, 806, 1, 3, 0, 0, 43.33%, 0, 0, 2, 492.31, 807566, 13, 0, 0
1666, 809, 1, 3, 0, 0, 43.33%, 0, 0, 2, 492.00, 810076, 13, 0, 0
1671, 811, 0, 3, 0, 0, 43.33%, 0, 0, 2, 486.74, 812539, 13, 0, 0
1676, 814, 1, 3, 0, 0, 43.33%, 0, 0, 2, 489.92, 815040, 13, 0, 0
1681, 816, 2, 3, 0, 0, 43.33%, 0, 0, 2, 491.53, 817539, 13, 0, 0
1686, 819, 1, 3, 0, 0, 43.33%, 0, 0, 2, 490.06, 820031, 13, 0, 0
1691, 821, 1, 3, 0, 0, 43.33%, 0, 0, 2, 482.10, 822503, 13, 0, 0
1696, 824, 2, 3, 0, 0, 43.33%, 0, 0, 2, 486.02, 824993, 13, 0, 0
1701, 826, 1, 3, 0, 0, 43.33%, 0, 0, 2, 489.77, 827494, 13, 0, 0
1706, 829, 1, 3, 0, 0, 43.33%, 0, 0, 2, 490.85, 829993, 13, 0, 0
1711, 831, 1, 3, 0, 0, 43.33%, 0, 0, 2, 491.18, 832494, 13, 0, 0
1716, 834, 2, 3, 0, 0, 43.33%, 0, 0, 2, 488.32, 834975, 13, 0, 0
1722, 836, 2, 3, 0, 0, 43.33%, 0, 0, 2, 488.67, 837467, 13, 0, 0
1727, 839, 1, 3, 0, 0, 43.33%, 0, 0, 2, 491.12, 839966, 13, 0, 0
1732, 841, 1, 3, 0, 0, 43.33%, 0, 0, 2, 491.46, 842467, 13, 0, 0
1737, 844, 1, 3, 0, 0, 43.33%, 0, 0, 2, 484.15, 844939, 13, 0, 0
1742, 846, 1, 3, 0, 0, 43.33%, 0, 0, 2, 489.41, 847440, 13, 0, 0
1747, 849, 1, 3, 0, 0, 43.33%, 0, 0, 2, 488.93, 849930, 13, 0, 0
1752, 851, 0, 3, 0, 0, 43.33%, 0, 0, 2, 489.82, 852420, 13, 0, 0
1757, 854, 1, 3, 0, 0, 43.33%, 0, 0, 2, 490.35, 854921, 13, 0, 0
1762, 856, 1, 3, 0, 0, 43.33%, 0, 0, 2, 486.10, 857393, 13, 0, 0
1767, 859, 1, 3, 0, 0, 43.33%, 0, 0, 2, 488.70, 859894, 13, 0, 0
1773, 861, 0, 3, 0, 0, 43.33%, 0, 0, 2, 486.40, 862393, 13, 0, 0
1778, 864, 1, 3, 0, 0, 43.33%, 0, 0, 2, 485.42, 864885, 13, 0, 0
1783, 866, 2, 3, 0, 0, 43.33%, 0, 0, 2, 480.91, 867357, 13, 0, 0
1788, 869, 1, 3, 0, 0, 43.33%, 0, 0, 2, 477.39, 869757, 13, 0, 0
1793, 871, 1, 3, 0, 0, 43.33%, 0, 0, 2, 468.02, 872157, 13, 0, 0
1798, 873, 1, 3, 0, 0, 43.33%, 0, 0, 2, 465.97, 874539, 13, 0, 0
1803, 876, 1, 3, 0, 0, 43.33%, 0, 0, 2, 464.03, 876930, 13, 0, 0
1808, 878, 1, 3, 0, 0, 43.33%, 0, 0, 2, 478.15, 879393, 13, 0, 0
1814, 881, 1, 3, 0, 0, 43.33%, 0, 0, 2, 487.31, 881894, 13, 0, 0
1819, 883, 1, 3, 0, 0, 43.33%, 0, 0, 2, 489.98, 884384, 13, 0, 0
1824, 886, 1, 3, 0, 0, 43.33%, 0, 0, 2, 490.78, 886885, 13, 0, 0
1829, 888, 2, 3, 0, 0, 43.33%, 0, 0, 2, 481.58, 889357, 13, 0, 0
1834, 891, 0, 3, 0, 0, 43.33%, 0, 0, 2, 486.13, 891858, 13, 0, 0
1839, 893, 2, 3, 0, 0, 43.33%, 0, 0, 2, 489.08, 894357, 13, 0, 0
1844, 896, 0, 3, 0, 0, 43.33%, 0, 0, 2, 489.13, 896858, 13, 0, 0
1849, 898, 1, 3, 0, 0, 43.33%, 0, 0, 2, 488.23, 899357, 13, 0, 0
1854, 901, 1, 3, 0, 0, 43.33%, 0, 0, 2, 487.53, 901840, 13, 0, 0
1860, 903, 1, 3, 0, 0, 43.33%, 0, 0, 2, 488.71, 904339, 13, 0, 0
1865, 906, 1, 3, 0, 0, 43.33%, 0, 0, 2, 483.64, 906811, 13, 0, 0
1870, 908, 2, 3, 0, 0, 43.33%, 0, 0, 2, 486.80, 909312, 13, 0, 0
1875, 911, 1, 3, 0, 0, 43.33%, 0, 0, 2, 482.70, 911784, 13, 0, 0
1880, 913, 0, 3, 0, 0, 43.33%, 0, 0, 2, 487.45, 914285, 13, 0, 0
1885, 916, 1, 3, 0, 0, 43.33%, 0, 0, 2, 488.89, 916784, 13, 0, 0
1890, 918, 1, 3, 0, 0, 43.33%, 0, 0, 2, 489.29, 919285, 13, 0, 0
1895, 921, 2, 3, 0, 0, 43.33%, 0, 0, 2, 487.97, 921784, 13, 0, 0
1900, 923, 1, 3, 0, 0, 43.33%, 0, 0, 2, 486.80, 924258, 13, 0, 0
1906, 926, 1, 3, 0, 0, 43.33%, 0, 0, 2, 488.48, 926757, 13, 0, 0
1911, 928, 0, 3, 0, 0, 43.33%, 0, 0, 2, 487.79, 929258, 13, 0, 0
1916, 931, 1, 3, 0, 0, 43.33%, 0, 0, 2, 488.57, 931757, 13, 0, 0
1921, 933, 1, 3, 0, 0, 43.33%, 0, 0, 2, 481.63, 934231, 13, 0, 0
1926, 936, 2, 3, 0, 0, 43.33%, 0, 0, 2, 479.92, 936712, 13, 0, 0
1931, 938, 1, 3, 0, 0, 43.33%, 0, 0, 2, 481.06, 939211, 13, 0, 0
1936, 941, 2, 3, 0, 0, 43.33%, 0, 0, 2, 485.37, 941712, 13, 0, 0
1942, 943, 1, 3, 0, 0, 43.33%, 0, 0, 2, 483.97, 944202, 13, 0, 0
1947, 946, 0, 3, 0, 0, 43.33%, 0, 0, 2, 485.45, 946676, 13, 0, 0
1952, 948, 0, 3, 0, 0, 43.33%, 0, 0, 2, 471.48, 949031, 13, 0, 0
1957, 950, 1, 3, 0, 0, 43.33%, 0, 0, 2, 476.39, 951503, 13, 0, 0
1962, 953, 1, 3, 0, 0, 43.33%, 0, 0, 2, 455.25, 953811, 13, 0, 0
1967, 955, 0, 3, 0, 0, 43.33%, 0, 0, 2, 463.31, 956166, 13, 0, 0
1972, 957, 2, 3, 0, 0, 43.33%, 0, 0, 2, 447.69, 958454, 13, 0, 0
