# relative_time, cycles_done, cur_item, corpus_count, pending_total, pending_favs, map_size, saved_crashes, saved_hangs, max_depth, execs_per_sec, total_execs, edges_found, total_crashes, servers_count
61, 484, 0, 3, 0, 0, 14.71%, 1, 0, 2, 326.32, 19395, 5, 12022, 0
66, 525, 2, 3, 0, 0, 14.71%, 1, 0, 2, 326.96, 21049, 5, 13058, 0
71, 567, 2, 3, 0, 0, 14.71%, 1, 0, 2, 327.60, 22706, 5, 14112, 0
76, 608, 2, 3, 0, 0, 14.71%, 1, 0, 2, 330.01, 24369, 5, 15161, 0
81, 649, 2, 3, 0, 0, 14.71%, 1, 0, 2, 327.26, 26009, 5, 16219, 0
86, 691, 1, 3, 0, 0, 14.71%, 1, 0, 2, 326.47, 27681, 5, 17268, 0
92, 732, 2, 3, 0, 0, 14.71%, 1, 0, 2, 318.13, 29305, 5, 18287, 0
97, 774, 2, 3, 0, 0, 14.71%, 1, 0, 2, 324.08, 30985, 5, 19356, 0
102, 815, 2, 3, 0, 0, 14.71%, 1, 0, 2, 330.78, 32649, 5, 20393, 0
107, 857, 2, 3, 0, 0, 14.71%, 1, 0, 2, 326.23, 34321, 5, 21477, 0
112, 899, 2, 3, 0, 0, 14.71%, 1, 0, 2, 331.58, 36009, 5, 22535, 0
117, 941, 2, 3, 0, 0, 14.71%, 1, 0, 2, 327.59, 37697, 5, 23627, 0
122, 984, 2, 3, 0, 0, 14.71%, 1, 0, 2, 329.81, 39409, 5, 24713, 0
127, 1025, 2, 3, 0, 0, 14.71%, 1, 0, 2, 327.44, 41042, 5, 25771, 0
133, 1067, 2, 3, 0, 0, 14.71%, 1, 0, 2, 325.19, 42723, 5, 26859, 0
138, 1110, 2, 3, 0, 0, 14.71%, 1, 0, 2, 329.71, 44441, 5, 27959, 0
143, 1153, 1, 3, 0, 0, 14.71%, 1, 0, 2, 331.06, 46169, 5, 29063, 0
148, 1196, 2, 3, 0, 0, 14.71%, 1, 0, 2, 331.61, 47891, 5, 30163, 0
153, 1238, 2, 3, 0, 0, 14.71%, 1, 0, 2, 329.46, 49539, 5, 31219, 0
158, 1280, 2, 3, 0, 0, 14.71%, 1, 0, 2, 329.98, 51243, 5, 32287, 0
163, 1322, 1, 3, 0, 0, 14.71%, 1, 0, 2, 325.79, 52937, 5, 33372, 0
169, 1364, 2, 3, 0, 0, 14.71%, 1, 0, 2, 324.86, 54617, 5, 34464, 0
174, 1407, 2, 3, 0, 0, 14.71%, 1, 0, 2, 328.80, 56321, 5, 35555, 0
179, 1449, 2, 3, 0, 0, 14.71%, 1, 0, 2, 327.61, 58017, 5, 36628, 0
184, 1492, 1, 3, 0, 0, 14.71%, 1, 0, 2, 326.97, 59705, 5, 37694, 0
189, 1533, 2, 3, 0, 0, 14.71%, 1, 0, 2, 324.25, 61369, 5, 38760, 0
194, 1574, 2, 3, 0, 0, 14.71%, 1, 0, 2, 322.39, 63018, 5, 39803, 0
200, 1615, 2, 3, 0, 0, 14.71%, 1, 0, 2, 315.57, 64643, 5, 40826, 0
205, 1656, 2, 3, 0, 0, 14.71%, 1, 0, 2, 321.36, 66289, 5, 41862, 0
210, 1699, 2, 3, 0, 0, 14.71%, 1, 0, 2, 328.64, 68001, 5, 42980, 0
215, 1742, 1, 3, 0, 0, 14.71%, 1, 0, 2, 329.69, 69705, 5, 44067, 0
220, 1785, 2, 3, 0, 0, 14.71%, 1, 0, 2, 331.47, 71427, 5, 45156, 0
225, 1827, 2, 3, 0, 0, 14.71%, 1, 0, 2, 327.51, 73122, 5, 46208, 0
230, 1868, 2, 3, 0, 0, 14.71%, 1, 0, 2, 324.74, 74745, 5, 47236, 0
236, 1910, 0, 3, 0, 0, 14.71%, 1, 0, 2, 327.52, 76441, 5, 48296, 0
241, 1951, 2, 3, 0, 0, 14.71%, 1, 0, 2, 320.93, 78083, 5, 49367, 0
246, 1992, 2, 3, 0, 0, 14.71%, 1, 0, 2, 328.37, 79737, 5, 50400, 0
251, 2034, 2, 3, 0, 0, 14.71%, 1, 0, 2, 324.26, 81409, 5, 51486, 0
256, 2076, 2, 3, 0, 0, 14.71%, 1, 0, 2, 329.87, 83075, 5, 52544, 0
261, 2118, 2, 3, 0, 0, 14.71%, 1, 0, 2, 327.79, 84761, 5, 53613, 0
266, 2160, 2, 3, 0, 0, 14.71%, 1, 0, 2, 327.98, 86457, 5, 54696, 0
271, 2203, 2, 3, 0, 0, 14.71%, 1, 0, 2, 329.21, 88147, 5, 55774, 0
277, 2245, 0, 3, 0, 0, 14.71%, 1, 0, 2, 326.10, 89833, 5, 56865, 0
282, 2286, 1, 3, 0, 0, 14.71%, 1, 0, 2, 328.33, 91481, 5, 57914, 0
287, 2329, 2, 3, 0, 0, 14.71%, 1, 0, 2, 328.80, 93185, 5, 58999, 0
292, 2371, 0, 3, 0, 0, 14.71%, 1, 0, 2, 327.41, 94897, 5, 60065, 0
297, 2414, 2, 3, 0, 0, 14.71%, 1, 0, 2, 328.40, 96602, 5, 61147, 0
302, 2455, 2, 3, 0, 0, 14.71%, 1, 0, 2, 327.75, 98249, 5, 62183, 0
307, 2496, 2, 3, 0, 0, 14.71%, 1, 0, 2, 325.14, 99897, 5, 63249, 0
312, 2538, 2, 3, 0, 0, 14.71%, 1, 0, 2, 327.97, 101577, 5, 64299, 0
318, 2580, 1, 3, 0, 0, 14.71%, 1, 0, 2, 323.68, 103258, 5, 65361, 0
323, 2620, 2, 3, 0, 0, 14.71%, 1, 0, 2, 309.61, 104827, 5, 66324, 0
328, 2659, 2, 3, 0, 0, 14.71%, 1, 0, 2, 309.34, 106417, 5, 67307, 0
333, 2700, 1, 3, 0, 0, 14.71%, 1, 0, 2, 322.84, 108057, 5, 68356, 0
338, 2743, 2, 3, 0, 0, 14.71%, 1, 0, 2, 325.94, 109753, 5, 69444, 0
343, 2784, 2, 3, 0, 0, 14.71%, 1, 0, 2, 324.82, 111385, 5, 70456, 0
348, 2826, 2, 3, 0, 0, 14.71%, 1, 0, 2, 325.98, 113073, 5, 71540, 0
353, 2868, 2, 3, 0, 0, 14.71%, 1, 0, 2, 332.35, 114753, 5, 72610, 0
358, 2909, 2, 3, 0, 0, 14.71%, 1, 0, 2, 329.77, 116402, 5, 73658, 0
363, 2950, 2, 3, 0, 0, 14.71%, 1, 0, 2, 330.99, 118049, 5, 74693, 0
368, 2992, 2, 3, 0, 0, 14.71%, 1, 0, 2, 329.45, 119715, 5, 75755, 0
374, 3034, 1, 3, 0, 0, 14.71%, 1, 0, 2, 327.51, 121417, 5, 76841, 0
379, 3076, 2, 3, 0, 0, 14.71%, 1, 0, 2, 329.32, 123065, 5, 77859, 0
384, 3117, 2, 3, 0, 0, 14.71%, 1, 0, 2, 331.31, 124729, 5, 78941, 0
389, 3159, 2, 3, 0, 0, 14.71%, 1, 0, 2, 325.82, 126417, 5, 80023, 0
394, 3202, 2, 3, 0, 0, 14.71%, 1, 0, 2, 328.70, 128121, 5, 81082, 0
399, 3244, 0, 3, 0, 0, 14.71%, 1, 0, 2, 330.45, 129785, 5, 82146, 0
404, 3286, 0, 3, 0, 0, 14.71%, 1, 0, 2, 328.29, 131489, 5, 83236, 0
409, 3327, 2, 3, 0, 0, 14.71%, 1, 0, 2, 329.21, 133137, 5, 84267, 0
414, 3369, 2, 3, 0, 0, 14.71%, 1, 0, 2, 324.12, 134801, 5, 85342, 0
420, 3412, 2, 3, 0, 0, 14.71%, 1, 0, 2, 327.88, 136515, 5, 86451, 0
425, 3455, 2, 3, 0, 0, 14.71%, 1, 0, 2, 330.00, 138233, 5, 87546, 0
430, 3497, 2, 3, 0, 0, 14.71%, 1, 0, 2, 325.15, 139914, 5, 88617, 0
435, 3539, 2, 3, 0, 0, 14.71%, 1, 0, 2, 331.52, 141593, 5, 89692, 0
440, 3580, 2, 3, 0, 0, 14.71%, 1, 0, 2, 328.24, 143241, 5, 90729, 0
445, 3623, 2, 3, 0, 0, 14.71%, 1, 0, 2, 329.02, 144953, 5, 91825, 0
450, 3665, 2, 3, 0, 0, 14.71%, 1, 0, 2, 326.53, 146641, 5, 92926, 0
455, 3707, 2, 3, 0, 0, 14.71%, 1, 0, 2, 325.86, 148323, 5, 93996, 0
461, 3749, 2, 3, 0, 0, 14.71%, 1, 0, 2, 324.78, 150017, 5, 95045, 0
466, 3791, 1, 3, 0, 0, 14.71%, 1, 0, 2, 320.52, 151682, 5, 96091, 0
471, 3832, 2, 3, 0, 0, 14.71%, 1, 0, 2, 319.38, 153321, 5, 97123, 0
476, 3874, 2, 3, 0, 0, 14.71%, 1, 0, 2, 322.59, 154985, 5, 98187, 0
481, 3916, 2, 3, 0, 0, 14.71%, 1, 0, 2, 328.51, 156690, 5, 99247, 0
486, 3958, 2, 3, 0, 0, 14.71%, 1, 0, 2, 326.42, 158361, 5, 100280, 0
492, 3998, 2, 3, 0, 0, 14.71%, 1, 0, 2, 310.52, 159969, 5, 101264, 0
497, 4039, 2, 3, 0, 0, 14.71%, 1, 0, 2, 313.95, 161586, 5, 102277, 0
502, 4077, 2, 3, 0, 0, 14.71%, 1, 0, 2, 304.53, 163137, 5, 103235, 0
507, 4120, 2, 3, 0, 0, 14.71%, 1, 0, 2, 323.01, 164825, 5, 104282, 0
512, 4161, 1, 3, 0, 0, 14.71%, 1, 0, 2, 329.75, 166497, 5, 105336, 0
517, 4203, 1, 3, 0, 0, 14.71%, 1, 0, 2, 331.69, 168153, 5, 106392, 0
522, 4244, 2, 3, 0, 0, 14.71%, 1, 0, 2, 328.80, 169809, 5, 107435, 0
527, 4287, 1, 3, 0, 0, 14.71%, 1, 0, 2, 329.56, 171523, 5, 108529, 0
532, 4329, 2, 3, 0, 0, 14.71%, 1, 0, 2, 330.29, 173185, 5, 109563, 0
537, 4369, 2, 3, 0, 0, 14.71%, 1, 0, 2, 324.92, 174817, 5, 110592, 0
543, 4411, 2, 3, 0, 0, 14.71%, 1, 0, 2, 324.41, 176497, 5, 111645, 0
545, 4432, 2, 3, 0, 0, 14.71%, 1, 0, 2, 321.89, 177313, 5, 112160, 0
